12	14	65	125	139	220	249	263	319	347	399	478	491	0	0	0	0	0	0	0	0	0	0	0	0	0	0	0	0	0	0	0	0	0	0	0	0	0	0	0	0	0	0	0	0	0	0	0	0	0	0	0	0	0	0	0	0	0	0	0	0	0	0	0	0	0	0	0	0	0	0	0	0	0	0	0	0	0	0	0	0	0	0	0	0	0	0	0	0	0	0
12	15	66	126	140	221	250	264	320	348	379	479	492	0	0	0	0	0	0	0	0	0	0	0	0	0	0	0	0	0	0	0	0	0	0	0	0	0	0	0	0	0	0	0	0	0	0	0	0	0	0	0	0	0	0	0	0	0	0	0	0	0	0	0	0	0	0	0	0	0	0	0	0	0	0	0	0	0	0	0	0	0	0	0	0	0	0	0	0	0	0
12	16	67	106	141	222	251	265	321	349	380	480	493	0	0	0	0	0	0	0	0	0	0	0	0	0	0	0	0	0	0	0	0	0	0	0	0	0	0	0	0	0	0	0	0	0	0	0	0	0	0	0	0	0	0	0	0	0	0	0	0	0	0	0	0	0	0	0	0	0	0	0	0	0	0	0	0	0	0	0	0	0	0	0	0	0	0	0	0	0	0
12	17	68	107	142	223	252	266	322	350	381	481	494	0	0	0	0	0	0	0	0	0	0	0	0	0	0	0	0	0	0	0	0	0	0	0	0	0	0	0	0	0	0	0	0	0	0	0	0	0	0	0	0	0	0	0	0	0	0	0	0	0	0	0	0	0	0	0	0	0	0	0	0	0	0	0	0	0	0	0	0	0	0	0	0	0	0	0	0	0	0
12	18	69	108	143	224	232	267	323	351	382	482	495	0	0	0	0	0	0	0	0	0	0	0	0	0	0	0	0	0	0	0	0	0	0	0	0	0	0	0	0	0	0	0	0	0	0	0	0	0	0	0	0	0	0	0	0	0	0	0	0	0	0	0	0	0	0	0	0	0	0	0	0	0	0	0	0	0	0	0	0	0	0	0	0	0	0	0	0	0	0
12	19	70	109	144	225	233	268	324	352	383	483	496	0	0	0	0	0	0	0	0	0	0	0	0	0	0	0	0	0	0	0	0	0	0	0	0	0	0	0	0	0	0	0	0	0	0	0	0	0	0	0	0	0	0	0	0	0	0	0	0	0	0	0	0	0	0	0	0	0	0	0	0	0	0	0	0	0	0	0	0	0	0	0	0	0	0	0	0	0	0
12	20	71	110	145	226	234	269	325	353	384	463	497	0	0	0	0	0	0	0	0	0	0	0	0	0	0	0	0	0	0	0	0	0	0	0	0	0	0	0	0	0	0	0	0	0	0	0	0	0	0	0	0	0	0	0	0	0	0	0	0	0	0	0	0	0	0	0	0	0	0	0	0	0	0	0	0	0	0	0	0	0	0	0	0	0	0	0	0	0	0
12	21	72	111	146	227	235	270	326	354	385	464	498	0	0	0	0	0	0	0	0	0	0	0	0	0	0	0	0	0	0	0	0	0	0	0	0	0	0	0	0	0	0	0	0	0	0	0	0	0	0	0	0	0	0	0	0	0	0	0	0	0	0	0	0	0	0	0	0	0	0	0	0	0	0	0	0	0	0	0	0	0	0	0	0	0	0	0	0	0	0
12	1	73	112	147	228	236	271	327	355	386	465	499	0	0	0	0	0	0	0	0	0	0	0	0	0	0	0	0	0	0	0	0	0	0	0	0	0	0	0	0	0	0	0	0	0	0	0	0	0	0	0	0	0	0	0	0	0	0	0	0	0	0	0	0	0	0	0	0	0	0	0	0	0	0	0	0	0	0	0	0	0	0	0	0	0	0	0	0	0	0
12	2	74	113	127	229	237	272	328	356	387	466	500	0	0	0	0	0	0	0	0	0	0	0	0	0	0	0	0	0	0	0	0	0	0	0	0	0	0	0	0	0	0	0	0	0	0	0	0	0	0	0	0	0	0	0	0	0	0	0	0	0	0	0	0	0	0	0	0	0	0	0	0	0	0	0	0	0	0	0	0	0	0	0	0	0	0	0	0	0	0
12	3	75	114	128	230	238	273	329	357	388	467	501	0	0	0	0	0	0	0	0	0	0	0	0	0	0	0	0	0	0	0	0	0	0	0	0	0	0	0	0	0	0	0	0	0	0	0	0	0	0	0	0	0	0	0	0	0	0	0	0	0	0	0	0	0	0	0	0	0	0	0	0	0	0	0	0	0	0	0	0	0	0	0	0	0	0	0	0	0	0
12	4	76	115	129	231	239	253	330	337	389	468	502	0	0	0	0	0	0	0	0	0	0	0	0	0	0	0	0	0	0	0	0	0	0	0	0	0	0	0	0	0	0	0	0	0	0	0	0	0	0	0	0	0	0	0	0	0	0	0	0	0	0	0	0	0	0	0	0	0	0	0	0	0	0	0	0	0	0	0	0	0	0	0	0	0	0	0	0	0	0
12	5	77	116	130	211	240	254	331	338	390	469	503	0	0	0	0	0	0	0	0	0	0	0	0	0	0	0	0	0	0	0	0	0	0	0	0	0	0	0	0	0	0	0	0	0	0	0	0	0	0	0	0	0	0	0	0	0	0	0	0	0	0	0	0	0	0	0	0	0	0	0	0	0	0	0	0	0	0	0	0	0	0	0	0	0	0	0	0	0	0
12	6	78	117	131	212	241	255	332	339	391	470	504	0	0	0	0	0	0	0	0	0	0	0	0	0	0	0	0	0	0	0	0	0	0	0	0	0	0	0	0	0	0	0	0	0	0	0	0	0	0	0	0	0	0	0	0	0	0	0	0	0	0	0	0	0	0	0	0	0	0	0	0	0	0	0	0	0	0	0	0	0	0	0	0	0	0	0	0	0	0
12	7	79	118	132	213	242	256	333	340	392	471	484	0	0	0	0	0	0	0	0	0	0	0	0	0	0	0	0	0	0	0	0	0	0	0	0	0	0	0	0	0	0	0	0	0	0	0	0	0	0	0	0	0	0	0	0	0	0	0	0	0	0	0	0	0	0	0	0	0	0	0	0	0	0	0	0	0	0	0	0	0	0	0	0	0	0	0	0	0	0
12	8	80	119	133	214	243	257	334	341	393	472	485	0	0	0	0	0	0	0	0	0	0	0	0	0	0	0	0	0	0	0	0	0	0	0	0	0	0	0	0	0	0	0	0	0	0	0	0	0	0	0	0	0	0	0	0	0	0	0	0	0	0	0	0	0	0	0	0	0	0	0	0	0	0	0	0	0	0	0	0	0	0	0	0	0	0	0	0	0	0
12	9	81	120	134	215	244	258	335	342	394	473	486	0	0	0	0	0	0	0	0	0	0	0	0	0	0	0	0	0	0	0	0	0	0	0	0	0	0	0	0	0	0	0	0	0	0	0	0	0	0	0	0	0	0	0	0	0	0	0	0	0	0	0	0	0	0	0	0	0	0	0	0	0	0	0	0	0	0	0	0	0	0	0	0	0	0	0	0	0	0
12	10	82	121	135	216	245	259	336	343	395	474	487	0	0	0	0	0	0	0	0	0	0	0	0	0	0	0	0	0	0	0	0	0	0	0	0	0	0	0	0	0	0	0	0	0	0	0	0	0	0	0	0	0	0	0	0	0	0	0	0	0	0	0	0	0	0	0	0	0	0	0	0	0	0	0	0	0	0	0	0	0	0	0	0	0	0	0	0	0	0
12	11	83	122	136	217	246	260	316	344	396	475	488	0	0	0	0	0	0	0	0	0	0	0	0	0	0	0	0	0	0	0	0	0	0	0	0	0	0	0	0	0	0	0	0	0	0	0	0	0	0	0	0	0	0	0	0	0	0	0	0	0	0	0	0	0	0	0	0	0	0	0	0	0	0	0	0	0	0	0	0	0	0	0	0	0	0	0	0	0	0
12	12	84	123	137	218	247	261	317	345	397	476	489	0	0	0	0	0	0	0	0	0	0	0	0	0	0	0	0	0	0	0	0	0	0	0	0	0	0	0	0	0	0	0	0	0	0	0	0	0	0	0	0	0	0	0	0	0	0	0	0	0	0	0	0	0	0	0	0	0	0	0	0	0	0	0	0	0	0	0	0	0	0	0	0	0	0	0	0	0	0
12	13	64	124	138	219	248	262	318	346	398	477	490	0	0	0	0	0	0	0	0	0	0	0	0	0	0	0	0	0	0	0	0	0	0	0	0	0	0	0	0	0	0	0	0	0	0	0	0	0	0	0	0	0	0	0	0	0	0	0	0	0	0	0	0	0	0	0	0	0	0	0	0	0	0	0	0	0	0	0	0	0	0	0	0	0	0	0	0	0	0
12	22	48	95	156	171	210	279	311	358	419	422	443	0	0	0	0	0	0	0	0	0	0	0	0	0	0	0	0	0	0	0	0	0	0	0	0	0	0	0	0	0	0	0	0	0	0	0	0	0	0	0	0	0	0	0	0	0	0	0	0	0	0	0	0	0	0	0	0	0	0	0	0	0	0	0	0	0	0	0	0	0	0	0	0	0	0	0	0	0	0
12	23	49	96	157	172	190	280	312	359	420	423	444	0	0	0	0	0	0	0	0	0	0	0	0	0	0	0	0	0	0	0	0	0	0	0	0	0	0	0	0	0	0	0	0	0	0	0	0	0	0	0	0	0	0	0	0	0	0	0	0	0	0	0	0	0	0	0	0	0	0	0	0	0	0	0	0	0	0	0	0	0	0	0	0	0	0	0	0	0	0
12	24	50	97	158	173	191	281	313	360	400	424	445	0	0	0	0	0	0	0	0	0	0	0	0	0	0	0	0	0	0	0	0	0	0	0	0	0	0	0	0	0	0	0	0	0	0	0	0	0	0	0	0	0	0	0	0	0	0	0	0	0	0	0	0	0	0	0	0	0	0	0	0	0	0	0	0	0	0	0	0	0	0	0	0	0	0	0	0	0	0
12	25	51	98	159	174	192	282	314	361	401	425	446	0	0	0	0	0	0	0	0	0	0	0	0	0	0	0	0	0	0	0	0	0	0	0	0	0	0	0	0	0	0	0	0	0	0	0	0	0	0	0	0	0	0	0	0	0	0	0	0	0	0	0	0	0	0	0	0	0	0	0	0	0	0	0	0	0	0	0	0	0	0	0	0	0	0	0	0	0	0
12	26	52	99	160	175	193	283	315	362	402	426	447	0	0	0	0	0	0	0	0	0	0	0	0	0	0	0	0	0	0	0	0	0	0	0	0	0	0	0	0	0	0	0	0	0	0	0	0	0	0	0	0	0	0	0	0	0	0	0	0	0	0	0	0	0	0	0	0	0	0	0	0	0	0	0	0	0	0	0	0	0	0	0	0	0	0	0	0	0	0
12	27	53	100	161	176	194	284	295	363	403	427	448	0	0	0	0	0	0	0	0	0	0	0	0	0	0	0	0	0	0	0	0	0	0	0	0	0	0	0	0	0	0	0	0	0	0	0	0	0	0	0	0	0	0	0	0	0	0	0	0	0	0	0	0	0	0	0	0	0	0	0	0	0	0	0	0	0	0	0	0	0	0	0	0	0	0	0	0	0	0
12	28	54	101	162	177	195	285	296	364	404	428	449	0	0	0	0	0	0	0	0	0	0	0	0	0	0	0	0	0	0	0	0	0	0	0	0	0	0	0	0	0	0	0	0	0	0	0	0	0	0	0	0	0	0	0	0	0	0	0	0	0	0	0	0	0	0	0	0	0	0	0	0	0	0	0	0	0	0	0	0	0	0	0	0	0	0	0	0	0	0
12	29	55	102	163	178	196	286	297	365	405	429	450	0	0	0	0	0	0	0	0	0	0	0	0	0	0	0	0	0	0	0	0	0	0	0	0	0	0	0	0	0	0	0	0	0	0	0	0	0	0	0	0	0	0	0	0	0	0	0	0	0	0	0	0	0	0	0	0	0	0	0	0	0	0	0	0	0	0	0	0	0	0	0	0	0	0	0	0	0	0
12	30	56	103	164	179	197	287	298	366	406	430	451	0	0	0	0	0	0	0	0	0	0	0	0	0	0	0	0	0	0	0	0	0	0	0	0	0	0	0	0	0	0	0	0	0	0	0	0	0	0	0	0	0	0	0	0	0	0	0	0	0	0	0	0	0	0	0	0	0	0	0	0	0	0	0	0	0	0	0	0	0	0	0	0	0	0	0	0	0	0
12	31	57	104	165	180	198	288	299	367	407	431	452	0	0	0	0	0	0	0	0	0	0	0	0	0	0	0	0	0	0	0	0	0	0	0	0	0	0	0	0	0	0	0	0	0	0	0	0	0	0	0	0	0	0	0	0	0	0	0	0	0	0	0	0	0	0	0	0	0	0	0	0	0	0	0	0	0	0	0	0	0	0	0	0	0	0	0	0	0	0
12	32	58	105	166	181	199	289	300	368	408	432	453	0	0	0	0	0	0	0	0	0	0	0	0	0	0	0	0	0	0	0	0	0	0	0	0	0	0	0	0	0	0	0	0	0	0	0	0	0	0	0	0	0	0	0	0	0	0	0	0	0	0	0	0	0	0	0	0	0	0	0	0	0	0	0	0	0	0	0	0	0	0	0	0	0	0	0	0	0	0
12	33	59	85	167	182	200	290	301	369	409	433	454	0	0	0	0	0	0	0	0	0	0	0	0	0	0	0	0	0	0	0	0	0	0	0	0	0	0	0	0	0	0	0	0	0	0	0	0	0	0	0	0	0	0	0	0	0	0	0	0	0	0	0	0	0	0	0	0	0	0	0	0	0	0	0	0	0	0	0	0	0	0	0	0	0	0	0	0	0	0
12	34	60	86	168	183	201	291	302	370	410	434	455	0	0	0	0	0	0	0	0	0	0	0	0	0	0	0	0	0	0	0	0	0	0	0	0	0	0	0	0	0	0	0	0	0	0	0	0	0	0	0	0	0	0	0	0	0	0	0	0	0	0	0	0	0	0	0	0	0	0	0	0	0	0	0	0	0	0	0	0	0	0	0	0	0	0	0	0	0	0
12	35	61	87	148	184	202	292	303	371	411	435	456	0	0	0	0	0	0	0	0	0	0	0	0	0	0	0	0	0	0	0	0	0	0	0	0	0	0	0	0	0	0	0	0	0	0	0	0	0	0	0	0	0	0	0	0	0	0	0	0	0	0	0	0	0	0	0	0	0	0	0	0	0	0	0	0	0	0	0	0	0	0	0	0	0	0	0	0	0	0
12	36	62	88	149	185	203	293	304	372	412	436	457	0	0	0	0	0	0	0	0	0	0	0	0	0	0	0	0	0	0	0	0	0	0	0	0	0	0	0	0	0	0	0	0	0	0	0	0	0	0	0	0	0	0	0	0	0	0	0	0	0	0	0	0	0	0	0	0	0	0	0	0	0	0	0	0	0	0	0	0	0	0	0	0	0	0	0	0	0	0
12	37	63	89	150	186	204	294	305	373	413	437	458	0	0	0	0	0	0	0	0	0	0	0	0	0	0	0	0	0	0	0	0	0	0	0	0	0	0	0	0	0	0	0	0	0	0	0	0	0	0	0	0	0	0	0	0	0	0	0	0	0	0	0	0	0	0	0	0	0	0	0	0	0	0	0	0	0	0	0	0	0	0	0	0	0	0	0	0	0	0
12	38	43	90	151	187	205	274	306	374	414	438	459	0	0	0	0	0	0	0	0	0	0	0	0	0	0	0	0	0	0	0	0	0	0	0	0	0	0	0	0	0	0	0	0	0	0	0	0	0	0	0	0	0	0	0	0	0	0	0	0	0	0	0	0	0	0	0	0	0	0	0	0	0	0	0	0	0	0	0	0	0	0	0	0	0	0	0	0	0	0
12	39	44	91	152	188	206	275	307	375	415	439	460	0	0	0	0	0	0	0	0	0	0	0	0	0	0	0	0	0	0	0	0	0	0	0	0	0	0	0	0	0	0	0	0	0	0	0	0	0	0	0	0	0	0	0	0	0	0	0	0	0	0	0	0	0	0	0	0	0	0	0	0	0	0	0	0	0	0	0	0	0	0	0	0	0	0	0	0	0	0
12	40	45	92	153	189	207	276	308	376	416	440	461	0	0	0	0	0	0	0	0	0	0	0	0	0	0	0	0	0	0	0	0	0	0	0	0	0	0	0	0	0	0	0	0	0	0	0	0	0	0	0	0	0	0	0	0	0	0	0	0	0	0	0	0	0	0	0	0	0	0	0	0	0	0	0	0	0	0	0	0	0	0	0	0	0	0	0	0	0	0
12	41	46	93	154	169	208	277	309	377	417	441	462	0	0	0	0	0	0	0	0	0	0	0	0	0	0	0	0	0	0	0	0	0	0	0	0	0	0	0	0	0	0	0	0	0	0	0	0	0	0	0	0	0	0	0	0	0	0	0	0	0	0	0	0	0	0	0	0	0	0	0	0	0	0	0	0	0	0	0	0	0	0	0	0	0	0	0	0	0	0
12	42	47	94	155	170	209	278	310	378	418	421	442	0	0	0	0	0	0	0	0	0	0	0	0	0	0	0	0	0	0	0	0	0	0	0	0	0	0	0	0	0	0	0	0	0	0	0	0	0	0	0	0	0	0	0	0	0	0	0	0	0	0	0	0	0	0	0	0	0	0	0	0	0	0	0	0	0	0	0	0	0	0	0	0	0	0	0	0	0	0
24	8	23	56	80	97	119	133	167	178	207	214	243	257	277	305	334	341	357	389	393	436	449	472	485	0	0	0	0	0	0	0	0	0	0	0	0	0	0	0	0	0	0	0	0	0	0	0	0	0	0	0	0	0	0	0	0	0	0	0	0	0	0	0	0	0	0	0	0	0	0	0	0	0	0	0	0	0	0	0	0	0	0	0	0	0	0	0	0	0	0
24	9	24	57	81	98	120	134	168	179	208	215	244	258	278	306	335	337	342	390	394	437	450	473	486	0	0	0	0	0	0	0	0	0	0	0	0	0	0	0	0	0	0	0	0	0	0	0	0	0	0	0	0	0	0	0	0	0	0	0	0	0	0	0	0	0	0	0	0	0	0	0	0	0	0	0	0	0	0	0	0	0	0	0	0	0	0	0	0	0	0
24	10	25	58	82	99	121	135	148	180	209	216	245	259	279	307	336	338	343	391	395	438	451	474	487	0	0	0	0	0	0	0	0	0	0	0	0	0	0	0	0	0	0	0	0	0	0	0	0	0	0	0	0	0	0	0	0	0	0	0	0	0	0	0	0	0	0	0	0	0	0	0	0	0	0	0	0	0	0	0	0	0	0	0	0	0	0	0	0	0	0
24	11	26	59	83	100	122	136	149	181	210	217	246	260	280	308	316	339	344	392	396	439	452	475	488	0	0	0	0	0	0	0	0	0	0	0	0	0	0	0	0	0	0	0	0	0	0	0	0	0	0	0	0	0	0	0	0	0	0	0	0	0	0	0	0	0	0	0	0	0	0	0	0	0	0	0	0	0	0	0	0	0	0	0	0	0	0	0	0	0	0
24	12	27	60	84	101	123	137	150	182	190	218	247	261	281	309	317	340	345	393	397	440	453	476	489	0	0	0	0	0	0	0	0	0	0	0	0	0	0	0	0	0	0	0	0	0	0	0	0	0	0	0	0	0	0	0	0	0	0	0	0	0	0	0	0	0	0	0	0	0	0	0	0	0	0	0	0	0	0	0	0	0	0	0	0	0	0	0	0	0	0
24	13	28	61	64	102	124	138	151	183	191	219	248	262	282	310	318	341	346	394	398	441	454	477	490	0	0	0	0	0	0	0	0	0	0	0	0	0	0	0	0	0	0	0	0	0	0	0	0	0	0	0	0	0	0	0	0	0	0	0	0	0	0	0	0	0	0	0	0	0	0	0	0	0	0	0	0	0	0	0	0	0	0	0	0	0	0	0	0	0	0
24	14	29	62	65	103	125	139	152	184	192	220	249	263	283	311	319	342	347	395	399	421	455	478	491	0	0	0	0	0	0	0	0	0	0	0	0	0	0	0	0	0	0	0	0	0	0	0	0	0	0	0	0	0	0	0	0	0	0	0	0	0	0	0	0	0	0	0	0	0	0	0	0	0	0	0	0	0	0	0	0	0	0	0	0	0	0	0	0	0	0
24	15	30	63	66	104	126	140	153	185	193	221	250	264	284	312	320	343	348	379	396	422	456	479	492	0	0	0	0	0	0	0	0	0	0	0	0	0	0	0	0	0	0	0	0	0	0	0	0	0	0	0	0	0	0	0	0	0	0	0	0	0	0	0	0	0	0	0	0	0	0	0	0	0	0	0	0	0	0	0	0	0	0	0	0	0	0	0	0	0	0
24	16	31	43	67	105	106	141	154	186	194	222	251	265	285	313	321	344	349	380	397	423	457	480	493	0	0	0	0	0	0	0	0	0	0	0	0	0	0	0	0	0	0	0	0	0	0	0	0	0	0	0	0	0	0	0	0	0	0	0	0	0	0	0	0	0	0	0	0	0	0	0	0	0	0	0	0	0	0	0	0	0	0	0	0	0	0	0	0	0	0
24	17	32	44	68	85	107	142	155	187	195	223	252	266	286	314	322	345	350	381	398	424	458	481	494	0	0	0	0	0	0	0	0	0	0	0	0	0	0	0	0	0	0	0	0	0	0	0	0	0	0	0	0	0	0	0	0	0	0	0	0	0	0	0	0	0	0	0	0	0	0	0	0	0	0	0	0	0	0	0	0	0	0	0	0	0	0	0	0	0	0
24	18	33	45	69	86	108	143	156	188	196	224	232	267	287	315	323	346	351	382	399	425	459	482	495	0	0	0	0	0	0	0	0	0	0	0	0	0	0	0	0	0	0	0	0	0	0	0	0	0	0	0	0	0	0	0	0	0	0	0	0	0	0	0	0	0	0	0	0	0	0	0	0	0	0	0	0	0	0	0	0	0	0	0	0	0	0	0	0	0	0
24	19	34	46	70	87	109	144	157	189	197	225	233	268	288	295	324	347	352	379	383	426	460	483	496	0	0	0	0	0	0	0	0	0	0	0	0	0	0	0	0	0	0	0	0	0	0	0	0	0	0	0	0	0	0	0	0	0	0	0	0	0	0	0	0	0	0	0	0	0	0	0	0	0	0	0	0	0	0	0	0	0	0	0	0	0	0	0	0	0	0
24	20	35	47	71	88	110	145	158	169	198	226	234	269	289	296	325	348	353	380	384	427	461	463	497	0	0	0	0	0	0	0	0	0	0	0	0	0	0	0	0	0	0	0	0	0	0	0	0	0	0	0	0	0	0	0	0	0	0	0	0	0	0	0	0	0	0	0	0	0	0	0	0	0	0	0	0	0	0	0	0	0	0	0	0	0	0	0	0	0	0
24	21	36	48	72	89	111	146	159	170	199	227	235	270	290	297	326	349	354	381	385	428	462	464	498	0	0	0	0	0	0	0	0	0	0	0	0	0	0	0	0	0	0	0	0	0	0	0	0	0	0	0	0	0	0	0	0	0	0	0	0	0	0	0	0	0	0	0	0	0	0	0	0	0	0	0	0	0	0	0	0	0	0	0	0	0	0	0	0	0	0
24	1	37	49	73	90	112	147	160	171	200	228	236	271	291	298	327	350	355	382	386	429	442	465	499	0	0	0	0	0	0	0	0	0	0	0	0	0	0	0	0	0	0	0	0	0	0	0	0	0	0	0	0	0	0	0	0	0	0	0	0	0	0	0	0	0	0	0	0	0	0	0	0	0	0	0	0	0	0	0	0	0	0	0	0	0	0	0	0	0	0
24	2	38	50	74	91	113	127	161	172	201	229	237	272	292	299	328	351	356	383	387	430	443	466	500	0	0	0	0	0	0	0	0	0	0	0	0	0	0	0	0	0	0	0	0	0	0	0	0	0	0	0	0	0	0	0	0	0	0	0	0	0	0	0	0	0	0	0	0	0	0	0	0	0	0	0	0	0	0	0	0	0	0	0	0	0	0	0	0	0	0
24	3	39	51	75	92	114	128	162	173	202	230	238	273	293	300	329	352	357	384	388	431	444	467	501	0	0	0	0	0	0	0	0	0	0	0	0	0	0	0	0	0	0	0	0	0	0	0	0	0	0	0	0	0	0	0	0	0	0	0	0	0	0	0	0	0	0	0	0	0	0	0	0	0	0	0	0	0	0	0	0	0	0	0	0	0	0	0	0	0	0
24	4	40	52	76	93	115	129	163	174	203	231	239	253	294	301	330	337	353	385	389	432	445	468	502	0	0	0	0	0	0	0	0	0	0	0	0	0	0	0	0	0	0	0	0	0	0	0	0	0	0	0	0	0	0	0	0	0	0	0	0	0	0	0	0	0	0	0	0	0	0	0	0	0	0	0	0	0	0	0	0	0	0	0	0	0	0	0	0	0	0
24	5	41	53	77	94	116	130	164	175	204	211	240	254	274	302	331	338	354	386	390	433	446	469	503	0	0	0	0	0	0	0	0	0	0	0	0	0	0	0	0	0	0	0	0	0	0	0	0	0	0	0	0	0	0	0	0	0	0	0	0	0	0	0	0	0	0	0	0	0	0	0	0	0	0	0	0	0	0	0	0	0	0	0	0	0	0	0	0	0	0
24	6	42	54	78	95	117	131	165	176	205	212	241	255	275	303	332	339	355	387	391	434	447	470	504	0	0	0	0	0	0	0	0	0	0	0	0	0	0	0	0	0	0	0	0	0	0	0	0	0	0	0	0	0	0	0	0	0	0	0	0	0	0	0	0	0	0	0	0	0	0	0	0	0	0	0	0	0	0	0	0	0	0	0	0	0	0	0	0	0	0
24	7	22	55	79	96	118	132	166	177	206	213	242	256	276	304	333	340	356	388	392	435	448	471	484	0	0	0	0	0	0	0	0	0	0	0	0	0	0	0	0	0	0	0	0	0	0	0	0	0	0	0	0	0	0	0	0	0	0	0	0	0	0	0	0	0	0	0	0	0	0	0	0	0	0	0	0	0	0	0	0	0	0	0	0	0	0	0	0	0	0
24	6	38	43	64	90	114	137	151	187	205	213	252	269	274	306	321	374	377	400	414	438	459	464	485	0	0	0	0	0	0	0	0	0	0	0	0	0	0	0	0	0	0	0	0	0	0	0	0	0	0	0	0	0	0	0	0	0	0	0	0	0	0	0	0	0	0	0	0	0	0	0	0	0	0	0	0	0	0	0	0	0	0	0	0	0	0	0	0	0	0
24	7	39	44	65	91	115	138	152	188	206	214	232	270	275	307	322	375	378	401	415	439	460	465	486	0	0	0	0	0	0	0	0	0	0	0	0	0	0	0	0	0	0	0	0	0	0	0	0	0	0	0	0	0	0	0	0	0	0	0	0	0	0	0	0	0	0	0	0	0	0	0	0	0	0	0	0	0	0	0	0	0	0	0	0	0	0	0	0	0	0
24	8	40	45	66	92	116	139	153	189	207	215	233	271	276	308	323	358	376	402	416	440	461	466	487	0	0	0	0	0	0	0	0	0	0	0	0	0	0	0	0	0	0	0	0	0	0	0	0	0	0	0	0	0	0	0	0	0	0	0	0	0	0	0	0	0	0	0	0	0	0	0	0	0	0	0	0	0	0	0	0	0	0	0	0	0	0	0	0	0	0
24	9	41	46	67	93	117	140	154	169	208	216	234	272	277	309	324	359	377	403	417	441	462	467	488	0	0	0	0	0	0	0	0	0	0	0	0	0	0	0	0	0	0	0	0	0	0	0	0	0	0	0	0	0	0	0	0	0	0	0	0	0	0	0	0	0	0	0	0	0	0	0	0	0	0	0	0	0	0	0	0	0	0	0	0	0	0	0	0	0	0
24	10	42	47	68	94	118	141	155	170	209	217	235	273	278	310	325	360	378	404	418	421	442	468	489	0	0	0	0	0	0	0	0	0	0	0	0	0	0	0	0	0	0	0	0	0	0	0	0	0	0	0	0	0	0	0	0	0	0	0	0	0	0	0	0	0	0	0	0	0	0	0	0	0	0	0	0	0	0	0	0	0	0	0	0	0	0	0	0	0	0
24	11	22	48	69	95	119	142	156	171	210	218	236	253	279	311	326	358	361	405	419	422	443	469	490	0	0	0	0	0	0	0	0	0	0	0	0	0	0	0	0	0	0	0	0	0	0	0	0	0	0	0	0	0	0	0	0	0	0	0	0	0	0	0	0	0	0	0	0	0	0	0	0	0	0	0	0	0	0	0	0	0	0	0	0	0	0	0	0	0	0
24	12	23	49	70	96	120	143	157	172	190	219	237	254	280	312	327	359	362	406	420	423	444	470	491	0	0	0	0	0	0	0	0	0	0	0	0	0	0	0	0	0	0	0	0	0	0	0	0	0	0	0	0	0	0	0	0	0	0	0	0	0	0	0	0	0	0	0	0	0	0	0	0	0	0	0	0	0	0	0	0	0	0	0	0	0	0	0	0	0	0
24	13	24	50	71	97	121	144	158	173	191	220	238	255	281	313	328	360	363	400	407	424	445	471	492	0	0	0	0	0	0	0	0	0	0	0	0	0	0	0	0	0	0	0	0	0	0	0	0	0	0	0	0	0	0	0	0	0	0	0	0	0	0	0	0	0	0	0	0	0	0	0	0	0	0	0	0	0	0	0	0	0	0	0	0	0	0	0	0	0	0
24	14	25	51	72	98	122	145	159	174	192	221	239	256	282	314	329	361	364	401	408	425	446	472	493	0	0	0	0	0	0	0	0	0	0	0	0	0	0	0	0	0	0	0	0	0	0	0	0	0	0	0	0	0	0	0	0	0	0	0	0	0	0	0	0	0	0	0	0	0	0	0	0	0	0	0	0	0	0	0	0	0	0	0	0	0	0	0	0	0	0
24	15	26	52	73	99	123	146	160	175	193	222	240	257	283	315	330	362	365	402	409	426	447	473	494	0	0	0	0	0	0	0	0	0	0	0	0	0	0	0	0	0	0	0	0	0	0	0	0	0	0	0	0	0	0	0	0	0	0	0	0	0	0	0	0	0	0	0	0	0	0	0	0	0	0	0	0	0	0	0	0	0	0	0	0	0	0	0	0	0	0
24	16	27	53	74	100	124	147	161	176	194	223	241	258	284	295	331	363	366	403	410	427	448	474	495	0	0	0	0	0	0	0	0	0	0	0	0	0	0	0	0	0	0	0	0	0	0	0	0	0	0	0	0	0	0	0	0	0	0	0	0	0	0	0	0	0	0	0	0	0	0	0	0	0	0	0	0	0	0	0	0	0	0	0	0	0	0	0	0	0	0
24	17	28	54	75	101	125	127	162	177	195	224	242	259	285	296	332	364	367	404	411	428	449	475	496	0	0	0	0	0	0	0	0	0	0	0	0	0	0	0	0	0	0	0	0	0	0	0	0	0	0	0	0	0	0	0	0	0	0	0	0	0	0	0	0	0	0	0	0	0	0	0	0	0	0	0	0	0	0	0	0	0	0	0	0	0	0	0	0	0	0
24	18	29	55	76	102	126	128	163	178	196	225	243	260	286	297	333	365	368	405	412	429	450	476	497	0	0	0	0	0	0	0	0	0	0	0	0	0	0	0	0	0	0	0	0	0	0	0	0	0	0	0	0	0	0	0	0	0	0	0	0	0	0	0	0	0	0	0	0	0	0	0	0	0	0	0	0	0	0	0	0	0	0	0	0	0	0	0	0	0	0
24	19	30	56	77	103	106	129	164	179	197	226	244	261	287	298	334	366	369	406	413	430	451	477	498	0	0	0	0	0	0	0	0	0	0	0	0	0	0	0	0	0	0	0	0	0	0	0	0	0	0	0	0	0	0	0	0	0	0	0	0	0	0	0	0	0	0	0	0	0	0	0	0	0	0	0	0	0	0	0	0	0	0	0	0	0	0	0	0	0	0
24	20	31	57	78	104	107	130	165	180	198	227	245	262	288	299	335	367	370	407	414	431	452	478	499	0	0	0	0	0	0	0	0	0	0	0	0	0	0	0	0	0	0	0	0	0	0	0	0	0	0	0	0	0	0	0	0	0	0	0	0	0	0	0	0	0	0	0	0	0	0	0	0	0	0	0	0	0	0	0	0	0	0	0	0	0	0	0	0	0	0
24	21	32	58	79	105	108	131	166	181	199	228	246	263	289	300	336	368	371	408	415	432	453	479	500	0	0	0	0	0	0	0	0	0	0	0	0	0	0	0	0	0	0	0	0	0	0	0	0	0	0	0	0	0	0	0	0	0	0	0	0	0	0	0	0	0	0	0	0	0	0	0	0	0	0	0	0	0	0	0	0	0	0	0	0	0	0	0	0	0	0
24	1	33	59	80	85	109	132	167	182	200	229	247	264	290	301	316	369	372	409	416	433	454	480	501	0	0	0	0	0	0	0	0	0	0	0	0	0	0	0	0	0	0	0	0	0	0	0	0	0	0	0	0	0	0	0	0	0	0	0	0	0	0	0	0	0	0	0	0	0	0	0	0	0	0	0	0	0	0	0	0	0	0	0	0	0	0	0	0	0	0
24	2	34	60	81	86	110	133	168	183	201	230	248	265	291	302	317	370	373	410	417	434	455	481	502	0	0	0	0	0	0	0	0	0	0	0	0	0	0	0	0	0	0	0	0	0	0	0	0	0	0	0	0	0	0	0	0	0	0	0	0	0	0	0	0	0	0	0	0	0	0	0	0	0	0	0	0	0	0	0	0	0	0	0	0	0	0	0	0	0	0
24	3	35	61	82	87	111	134	148	184	202	231	249	266	292	303	318	371	374	411	418	435	456	482	503	0	0	0	0	0	0	0	0	0	0	0	0	0	0	0	0	0	0	0	0	0	0	0	0	0	0	0	0	0	0	0	0	0	0	0	0	0	0	0	0	0	0	0	0	0	0	0	0	0	0	0	0	0	0	0	0	0	0	0	0	0	0	0	0	0	0
24	4	36	62	83	88	112	135	149	185	203	211	250	267	293	304	319	372	375	412	419	436	457	483	504	0	0	0	0	0	0	0	0	0	0	0	0	0	0	0	0	0	0	0	0	0	0	0	0	0	0	0	0	0	0	0	0	0	0	0	0	0	0	0	0	0	0	0	0	0	0	0	0	0	0	0	0	0	0	0	0	0	0	0	0	0	0	0	0	0	0
24	5	37	63	84	89	113	136	150	186	204	212	251	268	294	305	320	373	376	413	420	437	458	463	484	0	0	0	0	0	0	0	0	0	0	0	0	0	0	0	0	0	0	0	0	0	0	0	0	0	0	0	0	0	0	0	0	0	0	0	0	0	0	0	0	0	0	0	0	0	0	0	0	0	0	0	0	0	0	0	0	0	0	0	0	0	0	0	0	0	0
48	7	15	17	32	41	44	68	79	85	107	118	128	132	142	151	155	182	187	195	213	223	242	248	252	256	266	272	283	286	314	322	333	340	345	350	351	381	391	392	398	424	436	458	471	481	484	494	499	0	0	0	0	0	0	0	0	0	0	0	0	0	0	0	0	0	0	0	0	0	0	0	0	0	0	0	0	0	0	0	0	0	0	0	0	0	0	0	0	0	0
48	8	16	18	33	42	45	69	80	86	108	119	129	133	143	152	156	183	188	196	214	224	232	243	249	257	267	273	284	287	315	323	334	341	346	351	352	382	392	393	399	425	437	459	472	482	485	495	500	0	0	0	0	0	0	0	0	0	0	0	0	0	0	0	0	0	0	0	0	0	0	0	0	0	0	0	0	0	0	0	0	0	0	0	0	0	0	0	0	0	0
48	9	17	19	22	34	46	70	81	87	109	120	130	134	144	153	157	184	189	197	215	225	233	244	250	253	258	268	285	288	295	324	335	342	347	352	353	379	383	393	394	426	438	460	473	483	486	496	501	0	0	0	0	0	0	0	0	0	0	0	0	0	0	0	0	0	0	0	0	0	0	0	0	0	0	0	0	0	0	0	0	0	0	0	0	0	0	0	0	0	0
48	10	18	20	23	35	47	71	82	88	110	121	131	135	145	154	158	169	185	198	216	226	234	245	251	254	259	269	286	289	296	325	336	343	348	353	354	380	384	394	395	427	439	461	463	474	487	497	502	0	0	0	0	0	0	0	0	0	0	0	0	0	0	0	0	0	0	0	0	0	0	0	0	0	0	0	0	0	0	0	0	0	0	0	0	0	0	0	0	0	0
48	11	19	21	24	36	48	72	83	89	111	122	132	136	146	155	159	170	186	199	217	227	235	246	252	255	260	270	287	290	297	316	326	344	349	354	355	381	385	395	396	428	440	462	464	475	488	498	503	0	0	0	0	0	0	0	0	0	0	0	0	0	0	0	0	0	0	0	0	0	0	0	0	0	0	0	0	0	0	0	0	0	0	0	0	0	0	0	0	0	0
48	1	12	20	25	37	49	73	84	90	112	123	133	137	147	156	160	171	187	200	218	228	232	236	247	256	261	271	288	291	298	317	327	345	350	355	356	382	386	396	397	429	441	442	465	476	489	499	504	0	0	0	0	0	0	0	0	0	0	0	0	0	0	0	0	0	0	0	0	0	0	0	0	0	0	0	0	0	0	0	0	0	0	0	0	0	0	0	0	0	0
48	2	13	21	26	38	50	64	74	91	113	124	127	134	138	157	161	172	188	201	219	229	233	237	248	257	262	272	289	292	299	318	328	346	351	356	357	383	387	397	398	421	430	443	466	477	484	490	500	0	0	0	0	0	0	0	0	0	0	0	0	0	0	0	0	0	0	0	0	0	0	0	0	0	0	0	0	0	0	0	0	0	0	0	0	0	0	0	0	0	0
48	1	3	14	27	39	51	65	75	92	114	125	128	135	139	158	162	173	189	202	220	230	234	238	249	258	263	273	290	293	300	319	329	337	347	352	357	384	388	398	399	422	431	444	467	478	485	491	501	0	0	0	0	0	0	0	0	0	0	0	0	0	0	0	0	0	0	0	0	0	0	0	0	0	0	0	0	0	0	0	0	0	0	0	0	0	0	0	0	0	0
48	2	4	15	28	40	52	66	76	93	115	126	129	136	140	159	163	169	174	203	221	231	235	239	250	253	259	264	291	294	301	320	330	337	338	348	353	379	385	389	399	423	432	445	468	479	486	492	502	0	0	0	0	0	0	0	0	0	0	0	0	0	0	0	0	0	0	0	0	0	0	0	0	0	0	0	0	0	0	0	0	0	0	0	0	0	0	0	0	0	0
48	3	5	16	29	41	53	67	77	94	106	116	130	137	141	160	164	170	175	204	211	222	236	240	251	254	260	265	274	292	302	321	331	338	339	349	354	379	380	386	390	424	433	446	469	480	487	493	503	0	0	0	0	0	0	0	0	0	0	0	0	0	0	0	0	0	0	0	0	0	0	0	0	0	0	0	0	0	0	0	0	0	0	0	0	0	0	0	0	0	0
48	4	6	17	30	42	54	68	78	95	107	117	131	138	142	161	165	171	176	205	212	223	237	241	252	255	261	266	275	293	303	322	332	339	340	350	355	380	381	387	391	425	434	447	470	481	488	494	504	0	0	0	0	0	0	0	0	0	0	0	0	0	0	0	0	0	0	0	0	0	0	0	0	0	0	0	0	0	0	0	0	0	0	0	0	0	0	0	0	0	0
48	5	7	18	22	31	55	69	79	96	108	118	132	139	143	162	166	172	177	206	213	224	232	238	242	256	262	267	276	294	304	323	333	340	341	351	356	381	382	388	392	426	435	448	471	482	484	489	495	0	0	0	0	0	0	0	0	0	0	0	0	0	0	0	0	0	0	0	0	0	0	0	0	0	0	0	0	0	0	0	0	0	0	0	0	0	0	0	0	0	0
48	6	8	19	23	32	56	70	80	97	109	119	133	140	144	163	167	173	178	207	214	225	233	239	243	257	263	268	274	277	305	324	334	341	342	352	357	382	383	389	393	427	436	449	472	483	485	490	496	0	0	0	0	0	0	0	0	0	0	0	0	0	0	0	0	0	0	0	0	0	0	0	0	0	0	0	0	0	0	0	0	0	0	0	0	0	0	0	0	0	0
48	7	9	20	24	33	57	71	81	98	110	120	134	141	145	164	168	174	179	208	215	226	234	240	244	258	264	269	275	278	306	325	335	337	342	343	353	383	384	390	394	428	437	450	463	473	486	491	497	0	0	0	0	0	0	0	0	0	0	0	0	0	0	0	0	0	0	0	0	0	0	0	0	0	0	0	0	0	0	0	0	0	0	0	0	0	0	0	0	0	0
48	8	10	21	25	34	58	72	82	99	111	121	135	142	146	148	165	175	180	209	216	227	235	241	245	259	265	270	276	279	307	326	336	338	343	344	354	384	385	391	395	429	438	451	464	474	487	492	498	0	0	0	0	0	0	0	0	0	0	0	0	0	0	0	0	0	0	0	0	0	0	0	0	0	0	0	0	0	0	0	0	0	0	0	0	0	0	0	0	0	0
48	1	9	11	26	35	59	73	83	100	112	122	136	143	147	149	166	176	181	210	217	228	236	242	246	260	266	271	277	280	308	316	327	339	344	345	355	385	386	392	396	430	439	452	465	475	488	493	499	0	0	0	0	0	0	0	0	0	0	0	0	0	0	0	0	0	0	0	0	0	0	0	0	0	0	0	0	0	0	0	0	0	0	0	0	0	0	0	0	0	0
48	2	10	12	27	36	60	74	84	101	113	123	127	137	144	150	167	177	182	190	218	229	237	243	247	261	267	272	278	281	309	317	328	340	345	346	356	386	387	393	397	431	440	453	466	476	489	494	500	0	0	0	0	0	0	0	0	0	0	0	0	0	0	0	0	0	0	0	0	0	0	0	0	0	0	0	0	0	0	0	0	0	0	0	0	0	0	0	0	0	0
48	3	11	13	28	37	61	64	75	102	114	124	128	138	145	151	168	178	183	191	219	230	238	244	248	262	268	273	279	282	310	318	329	341	346	347	357	387	388	394	398	432	441	454	467	477	490	495	501	0	0	0	0	0	0	0	0	0	0	0	0	0	0	0	0	0	0	0	0	0	0	0	0	0	0	0	0	0	0	0	0	0	0	0	0	0	0	0	0	0	0
48	4	12	14	29	38	62	65	76	103	115	125	129	139	146	148	152	179	184	192	220	231	239	245	249	253	263	269	280	283	311	319	330	337	342	347	348	388	389	395	399	421	433	455	468	478	491	496	502	0	0	0	0	0	0	0	0	0	0	0	0	0	0	0	0	0	0	0	0	0	0	0	0	0	0	0	0	0	0	0	0	0	0	0	0	0	0	0	0	0	0
48	5	13	15	30	39	63	66	77	104	116	126	130	140	147	149	153	180	185	193	211	221	240	246	250	254	264	270	281	284	312	320	331	338	343	348	349	379	389	390	396	422	434	456	469	479	492	497	503	0	0	0	0	0	0	0	0	0	0	0	0	0	0	0	0	0	0	0	0	0	0	0	0	0	0	0	0	0	0	0	0	0	0	0	0	0	0	0	0	0	0
48	6	14	16	31	40	43	67	78	105	106	117	127	131	141	150	154	181	186	194	212	222	241	247	251	255	265	271	282	285	313	321	332	339	344	349	350	380	390	391	397	423	435	457	470	480	493	498	504	0	0	0	0	0	0	0	0	0	0	0	0	0	0	0	0	0	0	0	0	0	0	0	0	0	0	0	0	0	0	0	0	0	0	0	0	0	0	0	0	0	0
48	18	28	29	54	55	56	68	76	95	101	102	109	126	128	162	163	177	178	190	195	196	219	225	243	260	285	286	296	297	310	317	333	364	365	368	369	401	404	405	412	428	429	448	449	450	476	482	497	0	0	0	0	0	0	0	0	0	0	0	0	0	0	0	0	0	0	0	0	0	0	0	0	0	0	0	0	0	0	0	0	0	0	0	0	0	0	0	0	0	0
48	19	29	30	55	56	57	69	77	96	102	103	106	110	129	163	164	178	179	191	196	197	220	226	244	261	286	287	297	298	311	318	334	365	366	369	370	402	405	406	413	429	430	449	450	451	477	483	498	0	0	0	0	0	0	0	0	0	0	0	0	0	0	0	0	0	0	0	0	0	0	0	0	0	0	0	0	0	0	0	0	0	0	0	0	0	0	0	0	0	0
48	20	30	31	56	57	58	70	78	97	103	104	107	111	130	164	165	179	180	192	197	198	221	227	245	262	287	288	298	299	312	319	335	366	367	370	371	403	406	407	414	430	431	450	451	452	463	478	499	0	0	0	0	0	0	0	0	0	0	0	0	0	0	0	0	0	0	0	0	0	0	0	0	0	0	0	0	0	0	0	0	0	0	0	0	0	0	0	0	0	0
48	21	31	32	57	58	59	71	79	98	104	105	108	112	131	165	166	180	181	193	198	199	222	228	246	263	288	289	299	300	313	320	336	367	368	371	372	404	407	408	415	431	432	451	452	453	464	479	500	0	0	0	0	0	0	0	0	0	0	0	0	0	0	0	0	0	0	0	0	0	0	0	0	0	0	0	0	0	0	0	0	0	0	0	0	0	0	0	0	0	0
48	1	32	33	58	59	60	72	80	85	99	105	109	113	132	166	167	181	182	194	199	200	223	229	247	264	289	290	300	301	314	316	321	368	369	372	373	405	408	409	416	432	433	452	453	454	465	480	501	0	0	0	0	0	0	0	0	0	0	0	0	0	0	0	0	0	0	0	0	0	0	0	0	0	0	0	0	0	0	0	0	0	0	0	0	0	0	0	0	0	0
48	2	33	34	59	60	61	73	81	85	86	100	110	114	133	167	168	182	183	195	200	201	224	230	248	265	290	291	301	302	315	317	322	369	370	373	374	406	409	410	417	433	434	453	454	455	466	481	502	0	0	0	0	0	0	0	0	0	0	0	0	0	0	0	0	0	0	0	0	0	0	0	0	0	0	0	0	0	0	0	0	0	0	0	0	0	0	0	0	0	0
48	3	34	35	60	61	62	74	82	86	87	101	111	115	134	148	168	183	184	196	201	202	225	231	249	266	291	292	295	302	303	318	323	370	371	374	375	407	410	411	418	434	435	454	455	456	467	482	503	0	0	0	0	0	0	0	0	0	0	0	0	0	0	0	0	0	0	0	0	0	0	0	0	0	0	0	0	0	0	0	0	0	0	0	0	0	0	0	0	0	0
48	4	35	36	61	62	63	75	83	87	88	102	112	116	135	148	149	184	185	197	202	203	211	226	250	267	292	293	296	303	304	319	324	371	372	375	376	408	411	412	419	435	436	455	456	457	468	483	504	0	0	0	0	0	0	0	0	0	0	0	0	0	0	0	0	0	0	0	0	0	0	0	0	0	0	0	0	0	0	0	0	0	0	0	0	0	0	0	0	0	0
48	5	36	37	43	62	63	76	84	88	89	103	113	117	136	149	150	185	186	198	203	204	212	227	251	268	293	294	297	304	305	320	325	372	373	376	377	409	412	413	420	436	437	456	457	458	463	469	484	0	0	0	0	0	0	0	0	0	0	0	0	0	0	0	0	0	0	0	0	0	0	0	0	0	0	0	0	0	0	0	0	0	0	0	0	0	0	0	0	0	0
48	6	37	38	43	44	63	64	77	89	90	104	114	118	137	150	151	186	187	199	204	205	213	228	252	269	274	294	298	305	306	321	326	373	374	377	378	400	410	413	414	437	438	457	458	459	464	470	485	0	0	0	0	0	0	0	0	0	0	0	0	0	0	0	0	0	0	0	0	0	0	0	0	0	0	0	0	0	0	0	0	0	0	0	0	0	0	0	0	0	0
48	7	38	39	43	44	45	65	78	90	91	105	115	119	138	151	152	187	188	200	205	206	214	229	232	270	274	275	299	306	307	322	327	358	374	375	378	401	411	414	415	438	439	458	459	460	465	471	486	0	0	0	0	0	0	0	0	0	0	0	0	0	0	0	0	0	0	0	0	0	0	0	0	0	0	0	0	0	0	0	0	0	0	0	0	0	0	0	0	0	0
48	8	39	40	44	45	46	66	79	85	91	92	116	120	139	152	153	188	189	201	206	207	215	230	233	271	275	276	300	307	308	323	328	358	359	375	376	402	412	415	416	439	440	459	460	461	466	472	487	0	0	0	0	0	0	0	0	0	0	0	0	0	0	0	0	0	0	0	0	0	0	0	0	0	0	0	0	0	0	0	0	0	0	0	0	0	0	0	0	0	0
48	9	40	41	45	46	47	67	80	86	92	93	117	121	140	153	154	169	189	202	207	208	216	231	234	272	276	277	301	308	309	324	329	359	360	376	377	403	413	416	417	440	441	460	461	462	467	473	488	0	0	0	0	0	0	0	0	0	0	0	0	0	0	0	0	0	0	0	0	0	0	0	0	0	0	0	0	0	0	0	0	0	0	0	0	0	0	0	0	0	0
48	10	41	42	46	47	48	68	81	87	93	94	118	122	141	154	155	169	170	203	208	209	211	217	235	273	277	278	302	309	310	325	330	360	361	377	378	404	414	417	418	421	441	442	461	462	468	474	489	0	0	0	0	0	0	0	0	0	0	0	0	0	0	0	0	0	0	0	0	0	0	0	0	0	0	0	0	0	0	0	0	0	0	0	0	0	0	0	0	0	0
48	11	22	42	47	48	49	69	82	88	94	95	119	123	142	155	156	170	171	204	209	210	212	218	236	253	278	279	303	310	311	326	331	358	361	362	378	405	415	418	419	421	422	442	443	462	469	475	490	0	0	0	0	0	0	0	0	0	0	0	0	0	0	0	0	0	0	0	0	0	0	0	0	0	0	0	0	0	0	0	0	0	0	0	0	0	0	0	0	0	0
48	12	22	23	48	49	50	70	83	89	95	96	120	124	143	156	157	171	172	190	205	210	213	219	237	254	279	280	304	311	312	327	332	358	359	362	363	406	416	419	420	422	423	442	443	444	470	476	491	0	0	0	0	0	0	0	0	0	0	0	0	0	0	0	0	0	0	0	0	0	0	0	0	0	0	0	0	0	0	0	0	0	0	0	0	0	0	0	0	0	0
48	13	23	24	49	50	51	71	84	90	96	97	121	125	144	157	158	172	173	190	191	206	214	220	238	255	280	281	305	312	313	328	333	359	360	363	364	400	407	417	420	423	424	443	444	445	471	477	492	0	0	0	0	0	0	0	0	0	0	0	0	0	0	0	0	0	0	0	0	0	0	0	0	0	0	0	0	0	0	0	0	0	0	0	0	0	0	0	0	0	0
48	14	24	25	50	51	52	64	72	91	97	98	122	126	145	158	159	173	174	191	192	207	215	221	239	256	281	282	306	313	314	329	334	360	361	364	365	400	401	408	418	424	425	444	445	446	472	478	493	0	0	0	0	0	0	0	0	0	0	0	0	0	0	0	0	0	0	0	0	0	0	0	0	0	0	0	0	0	0	0	0	0	0	0	0	0	0	0	0	0	0
48	15	25	26	51	52	53	65	73	92	98	99	106	123	146	159	160	174	175	192	193	208	216	222	240	257	282	283	307	314	315	330	335	361	362	365	366	401	402	409	419	425	426	445	446	447	473	479	494	0	0	0	0	0	0	0	0	0	0	0	0	0	0	0	0	0	0	0	0	0	0	0	0	0	0	0	0	0	0	0	0	0	0	0	0	0	0	0	0	0	0
48	16	26	27	52	53	54	66	74	93	99	100	107	124	147	160	161	175	176	193	194	209	217	223	241	258	283	284	295	308	315	331	336	362	363	366	367	402	403	410	420	426	427	446	447	448	474	480	495	0	0	0	0	0	0	0	0	0	0	0	0	0	0	0	0	0	0	0	0	0	0	0	0	0	0	0	0	0	0	0	0	0	0	0	0	0	0	0	0	0	0
48	17	27	28	53	54	55	67	75	94	100	101	108	125	127	161	162	176	177	194	195	210	218	224	242	259	284	285	295	296	309	316	332	363	364	367	368	400	403	404	411	427	428	447	448	449	475	481	496	0	0	0	0	0	0	0	0	0	0	0	0	0	0	0	0	0	0	0	0	0	0	0	0	0	0	0	0	0	0	0	0	0	0	0	0	0	0	0	0	0	0
90	1	2	6	8	19	23	32	37	49	56	57	70	73	74	80	83	86	90	97	112	113	119	127	133	140	144	147	160	163	167	171	173	178	200	206	207	214	224	225	228	229	233	236	237	239	243	257	263	268	271	272	274	277	291	298	305	314	324	325	327	328	334	341	342	349	350	352	355	356	357	383	386	387	389	427	429	436	442	449	457	465	466	472	478	483	485	490	496	499	500
90	2	3	7	9	20	24	33	38	50	57	58	71	74	75	81	84	87	91	98	113	114	120	127	128	134	141	145	161	164	168	172	174	179	201	207	208	215	225	226	229	230	234	237	238	240	244	258	264	269	272	273	275	278	292	299	306	315	325	326	328	329	335	337	342	343	350	351	353	356	357	384	387	388	390	428	430	437	443	450	458	463	466	467	473	479	486	491	497	500	501
90	3	4	8	10	21	25	34	39	51	58	59	64	72	75	76	82	88	92	99	114	115	121	128	129	135	142	146	148	162	165	173	175	180	202	208	209	216	226	227	230	231	235	238	239	241	245	253	259	265	270	273	276	279	293	295	300	307	326	327	329	330	336	337	338	343	344	351	352	354	357	385	388	389	391	429	431	438	444	451	459	464	467	468	474	480	487	492	498	501	502
90	1	4	5	9	11	26	35	40	52	59	60	65	73	76	77	83	89	93	100	115	116	122	129	130	136	143	147	149	163	166	174	176	181	203	209	210	211	217	227	228	231	236	239	240	242	246	253	254	260	266	271	277	280	294	296	301	308	316	327	328	330	331	337	338	339	344	345	352	353	355	386	389	390	392	430	432	439	445	452	460	465	468	469	475	481	488	493	499	502	503
90	2	5	6	10	12	27	36	41	53	60	61	66	74	77	78	84	90	94	101	116	117	123	127	130	131	137	144	150	164	167	175	177	182	190	204	210	211	212	218	228	229	237	240	241	243	247	254	255	261	267	272	274	278	281	297	302	309	317	328	329	331	332	338	339	340	345	346	353	354	356	387	390	391	393	431	433	440	446	453	461	466	469	470	476	482	489	494	500	503	504
90	3	6	7	11	13	28	37	42	54	61	62	64	67	75	78	79	91	95	102	117	118	124	128	131	132	138	145	151	165	168	176	178	183	190	191	205	212	213	219	229	230	238	241	242	244	248	255	256	262	268	273	275	279	282	298	303	310	318	329	330	332	333	339	340	341	346	347	354	355	357	388	391	392	394	432	434	441	447	454	462	467	470	471	477	483	484	490	495	501	504
90	4	7	8	12	14	22	29	38	55	62	63	65	68	76	79	80	92	96	103	118	119	125	129	132	133	139	146	148	152	166	177	179	184	191	192	206	213	214	220	230	231	239	242	243	245	249	253	256	257	263	269	276	280	283	299	304	311	319	330	331	333	334	337	340	341	342	347	348	355	356	389	392	393	395	421	433	435	442	448	455	463	468	471	472	478	484	485	491	496	502
90	5	8	9	13	15	23	30	39	43	56	63	66	69	77	80	81	93	97	104	119	120	126	130	133	134	140	147	149	153	167	178	180	185	192	193	207	211	214	215	221	231	240	243	244	246	250	254	257	258	264	270	277	281	284	300	305	312	320	331	332	334	335	338	341	342	343	348	349	356	357	390	393	394	396	422	434	436	443	449	456	464	469	472	473	479	485	486	492	497	503
90	6	9	10	14	16	24	31	40	43	44	57	67	70	78	81	82	94	98	105	106	120	121	127	131	134	135	141	150	154	168	179	181	186	193	194	208	211	212	215	216	222	241	244	245	247	251	255	258	259	265	271	278	282	285	301	306	313	321	332	333	335	336	337	339	342	343	344	349	350	357	391	394	395	397	423	435	437	444	450	457	465	470	473	474	480	486	487	493	498	504
90	7	10	11	15	17	25	32	41	44	45	58	68	71	79	82	83	85	95	99	107	121	122	128	132	135	136	142	148	151	155	180	182	187	194	195	209	212	213	216	217	223	242	245	246	248	252	256	259	260	266	272	279	283	286	302	307	314	316	322	333	334	336	337	338	340	343	344	345	350	351	392	395	396	398	424	436	438	445	451	458	466	471	474	475	481	484	487	488	494	499
90	8	11	12	16	18	26	33	42	45	46	59	69	72	80	83	84	86	96	100	108	122	123	129	133	136	137	143	149	152	156	181	183	188	195	196	210	213	214	217	218	224	232	243	246	247	249	257	260	261	267	273	280	284	287	303	308	315	316	317	323	334	335	338	339	341	344	345	346	351	352	393	396	397	399	425	437	439	446	452	459	467	472	475	476	482	485	488	489	495	500
90	9	12	13	17	19	22	27	34	46	47	60	64	70	73	81	84	87	97	101	109	123	124	130	134	137	138	144	150	153	157	182	184	189	190	196	197	214	215	218	219	225	233	244	247	248	250	253	258	261	262	268	281	285	288	295	304	309	317	318	324	335	336	339	340	342	345	346	347	352	353	379	394	397	398	426	438	440	447	453	460	468	473	476	477	483	486	489	490	496	501
90	10	13	14	18	20	23	28	35	47	48	61	64	65	71	74	82	88	98	102	110	124	125	131	135	138	139	145	151	154	158	169	183	185	191	197	198	215	216	219	220	226	234	245	248	249	251	254	259	262	263	269	282	286	289	296	305	310	316	318	319	325	336	340	341	343	346	347	348	353	354	380	395	398	399	427	439	441	448	454	461	463	469	474	477	478	487	490	491	497	502
90	11	14	15	19	21	24	29	36	48	49	62	65	66	72	75	83	89	99	103	111	125	126	132	136	139	140	146	152	155	159	170	184	186	192	198	199	216	217	220	221	227	235	246	249	250	252	255	260	263	264	270	283	287	290	297	306	311	316	317	319	320	326	341	342	344	347	348	349	354	355	379	381	396	399	421	428	440	449	455	462	464	470	475	478	479	488	491	492	498	503
90	1	12	15	16	20	25	30	37	49	50	63	66	67	73	76	84	90	100	104	106	112	126	133	137	140	141	147	153	156	160	171	185	187	193	199	200	217	218	221	222	228	232	236	247	250	251	256	261	264	265	271	284	288	291	298	307	312	317	318	320	321	327	342	343	345	348	349	350	355	356	379	380	382	397	422	429	441	442	450	456	465	471	476	479	480	489	492	493	499	504
90	2	13	16	17	21	26	31	38	43	50	51	64	67	68	74	77	91	101	105	106	107	113	127	134	138	141	142	154	157	161	172	186	188	194	200	201	218	219	222	223	229	233	237	248	251	252	257	262	265	266	272	285	289	292	299	308	313	318	319	321	322	328	343	344	346	349	350	351	356	357	380	381	383	398	421	423	430	443	451	457	466	472	477	480	481	484	490	493	494	500
90	1	3	14	17	18	27	32	39	44	51	52	65	68	69	75	78	85	92	102	107	108	114	128	135	139	142	143	155	158	162	173	187	189	195	201	202	219	220	223	224	230	232	234	238	249	252	258	263	266	267	273	286	290	293	300	309	314	319	320	322	323	329	337	344	345	347	350	351	352	357	381	382	384	399	422	424	431	444	452	458	467	473	478	481	482	485	491	494	495	501
90	2	4	15	18	19	28	33	40	45	52	53	66	69	70	76	79	86	93	103	108	109	115	129	136	140	143	144	156	159	163	169	174	188	196	202	203	220	221	224	225	231	232	233	235	239	250	253	259	264	267	268	287	291	294	301	310	315	320	321	323	324	330	337	338	345	346	348	351	352	353	379	382	383	385	423	425	432	445	453	459	468	474	479	482	483	486	492	495	496	502
90	3	5	16	19	20	29	34	41	46	53	54	67	70	71	77	80	87	94	104	109	110	116	130	137	141	144	145	157	160	164	170	175	189	197	203	204	211	221	222	225	226	233	234	236	240	251	254	260	265	268	269	274	288	292	295	302	311	321	322	324	325	331	338	339	346	347	349	352	353	354	380	383	384	386	424	426	433	446	454	460	463	469	475	480	483	487	493	496	497	503
90	4	6	17	20	21	30	35	42	47	54	55	68	71	72	78	81	88	95	105	110	111	117	131	138	142	145	146	158	161	165	169	171	176	198	204	205	212	222	223	226	227	234	235	237	241	252	255	261	266	269	270	275	289	293	296	303	312	322	323	325	326	332	339	340	347	348	350	353	354	355	381	384	385	387	425	427	434	447	455	461	463	464	470	476	481	488	494	497	498	504
90	1	5	7	18	21	22	31	36	48	55	56	69	72	73	79	82	85	89	96	111	112	118	132	139	143	146	147	159	162	166	170	172	177	199	205	206	213	223	224	227	228	232	235	236	238	242	256	262	267	270	271	276	290	294	297	304	313	323	324	326	327	333	340	341	348	349	351	354	355	356	382	385	386	388	426	428	435	448	456	462	464	465	471	477	482	484	489	495	498	499
88	11	12	14	22	23	26	34	42	47	48	60	69	70	82	86	88	94	95	96	119	120	123	137	142	143	151	155	156	157	168	170	171	172	177	183	190	201	204	209	210	212	218	219	232	236	237	253	254	268	275	278	279	280	291	302	303	310	311	312	326	327	331	358	361	370	378	405	406	410	411	415	418	419	420	421	422	423	434	440	442	443	444	455	462	469	470	475	491	0	0
88	12	13	15	22	23	24	27	35	48	49	61	70	71	83	87	89	95	96	97	120	121	124	138	143	144	148	152	156	157	158	171	172	173	178	184	190	191	202	205	210	213	219	220	233	237	238	254	255	269	276	279	280	281	292	303	304	311	312	313	327	328	332	358	359	362	371	400	406	407	411	412	416	419	420	422	423	424	435	441	442	443	444	445	456	470	471	476	492	0	0
88	13	14	16	23	24	25	28	36	49	50	62	71	72	84	88	90	96	97	98	121	122	125	139	144	145	149	153	157	158	159	172	173	174	179	185	190	191	192	203	206	214	220	221	234	238	239	255	256	270	277	280	281	282	293	304	305	312	313	314	328	329	333	359	360	363	372	400	401	407	408	412	413	417	420	421	423	424	425	436	443	444	445	446	457	471	472	477	493	0	0
88	14	15	17	24	25	26	29	37	50	51	63	64	72	73	89	91	97	98	99	122	123	126	140	145	146	150	154	158	159	160	173	174	175	180	186	191	192	193	204	207	215	221	222	235	239	240	256	257	271	278	281	282	283	294	305	306	313	314	315	329	330	334	360	361	364	373	400	401	402	408	409	413	414	418	422	424	425	426	437	444	445	446	447	458	472	473	478	494	0	0
88	15	16	18	25	26	27	30	38	43	51	52	65	73	74	90	92	98	99	100	106	123	124	141	146	147	151	155	159	160	161	174	175	176	181	187	192	193	194	205	208	216	222	223	236	240	241	257	258	272	274	279	282	283	284	295	306	307	314	315	330	331	335	361	362	365	374	401	402	403	409	410	414	415	419	423	425	426	427	438	445	446	447	448	459	473	474	479	495	0	0
88	16	17	19	26	27	28	31	39	44	52	53	66	74	75	91	93	99	100	101	107	124	125	127	142	147	152	156	160	161	162	175	176	177	182	188	193	194	195	206	209	217	223	224	237	241	242	258	259	273	275	280	283	284	285	295	296	307	308	315	331	332	336	362	363	366	375	402	403	404	410	411	415	416	420	424	426	427	428	439	446	447	448	449	460	474	475	480	496	0	0
88	17	18	20	27	28	29	32	40	45	53	54	67	75	76	92	94	100	101	102	108	125	126	127	128	143	153	157	161	162	163	176	177	178	183	189	194	195	196	207	210	218	224	225	238	242	243	253	259	260	276	281	284	285	286	295	296	297	308	309	316	332	333	363	364	367	376	400	403	404	405	411	412	416	417	425	427	428	429	440	447	448	449	450	461	475	476	481	497	0	0
88	18	19	21	28	29	30	33	41	46	54	55	68	76	77	93	95	101	102	103	106	109	126	128	129	144	154	158	162	163	164	169	177	178	179	184	190	195	196	197	208	219	225	226	239	243	244	254	260	261	277	282	285	286	287	296	297	298	309	310	317	333	334	364	365	368	377	401	404	405	406	412	413	417	418	426	428	429	430	441	448	449	450	451	462	476	477	482	498	0	0
88	1	19	20	29	30	31	34	42	47	55	56	69	77	78	94	96	102	103	104	106	107	110	129	130	145	155	159	163	164	165	170	178	179	180	185	191	196	197	198	209	220	226	227	240	244	245	255	261	262	278	283	286	287	288	297	298	299	310	311	318	334	335	365	366	369	378	402	405	406	407	413	414	418	419	421	427	429	430	431	442	449	450	451	452	477	478	483	499	0	0
88	2	20	21	22	30	31	32	35	48	56	57	70	78	79	95	97	103	104	105	107	108	111	130	131	146	156	160	164	165	166	171	179	180	181	186	192	197	198	199	210	221	227	228	241	245	246	256	262	263	279	284	287	288	289	298	299	300	311	312	319	335	336	358	366	367	370	403	406	407	408	414	415	419	420	422	428	430	431	432	443	450	451	452	453	463	478	479	500	0	0
88	1	3	21	23	31	32	33	36	49	57	58	71	79	80	85	96	98	104	105	108	109	112	131	132	147	157	161	165	166	167	172	180	181	182	187	190	193	198	199	200	222	228	229	242	246	247	257	263	264	280	285	288	289	290	299	300	301	312	313	316	320	336	359	367	368	371	400	404	407	408	409	415	416	420	423	429	431	432	433	444	451	452	453	454	464	479	480	501	0	0
88	1	2	4	24	32	33	34	37	50	58	59	72	80	81	85	86	97	99	105	109	110	113	127	132	133	158	162	166	167	168	173	181	182	183	188	191	194	199	200	201	223	229	230	243	247	248	258	264	265	281	286	289	290	291	300	301	302	313	314	316	317	321	360	368	369	372	400	401	405	408	409	410	416	417	424	430	432	433	434	445	452	453	454	455	465	480	481	502	0	0
88	2	3	5	25	33	34	35	38	51	59	60	73	81	82	85	86	87	98	100	110	111	114	128	133	134	148	159	163	167	168	174	182	183	184	189	192	195	200	201	202	224	230	231	244	248	249	259	265	266	282	287	290	291	292	301	302	303	314	315	317	318	322	361	369	370	373	401	402	406	409	410	411	417	418	425	431	433	434	435	446	453	454	455	456	466	481	482	503	0	0
88	3	4	6	26	34	35	36	39	52	60	61	74	82	83	86	87	88	99	101	111	112	115	129	134	135	148	149	160	164	168	169	175	183	184	185	193	196	201	202	203	211	225	231	245	249	250	260	266	267	283	288	291	292	293	295	302	303	304	315	318	319	323	362	370	371	374	402	403	407	410	411	412	418	419	426	432	434	435	436	447	454	455	456	457	467	482	483	504	0	0
88	4	5	7	27	35	36	37	40	53	61	62	75	83	84	87	88	89	100	102	112	113	116	130	135	136	148	149	150	161	165	170	176	184	185	186	194	197	202	203	204	211	212	226	246	250	251	261	267	268	284	289	292	293	294	295	296	303	304	305	319	320	324	363	371	372	375	403	404	408	411	412	413	419	420	427	433	435	436	437	448	455	456	457	458	463	468	483	484	0	0
88	5	6	8	28	36	37	38	41	54	62	63	64	76	84	88	89	90	101	103	113	114	117	131	136	137	149	150	151	162	166	171	177	185	186	187	195	198	203	204	205	212	213	227	247	251	252	262	268	269	274	285	290	293	294	296	297	304	305	306	320	321	325	364	372	373	376	400	404	405	409	412	413	414	420	428	434	436	437	438	449	456	457	458	459	463	464	469	485	0	0
88	6	7	9	29	37	38	39	42	43	55	63	64	65	77	89	90	91	102	104	114	115	118	132	137	138	150	151	152	163	167	172	178	186	187	188	196	199	204	205	206	213	214	228	232	248	252	263	269	270	274	275	286	291	294	297	298	305	306	307	321	322	326	365	373	374	377	400	401	405	406	410	413	414	415	429	435	437	438	439	450	457	458	459	460	464	465	470	486	0	0
88	7	8	10	22	30	38	39	40	43	44	56	65	66	78	90	91	92	103	105	115	116	119	133	138	139	151	152	153	164	168	173	179	187	188	189	197	200	205	206	207	214	215	229	232	233	249	264	270	271	274	275	276	287	292	298	299	306	307	308	322	323	327	366	374	375	378	401	402	406	407	411	414	415	416	430	436	438	439	440	451	458	459	460	461	465	466	471	487	0	0
88	8	9	11	23	31	39	40	41	44	45	57	66	67	79	85	91	92	93	104	116	117	120	134	139	140	148	152	153	154	165	169	174	180	188	189	198	201	206	207	208	215	216	230	233	234	250	265	271	272	275	276	277	288	293	299	300	307	308	309	323	324	328	358	367	375	376	402	403	407	408	412	415	416	417	431	437	439	440	441	452	459	460	461	462	466	467	472	488	0	0
88	9	10	12	24	32	40	41	42	45	46	58	67	68	80	86	92	93	94	105	117	118	121	135	140	141	149	153	154	155	166	169	170	175	181	189	199	202	207	208	209	216	217	231	234	235	251	266	272	273	276	277	278	289	294	300	301	308	309	310	324	325	329	359	368	376	377	403	404	408	409	413	416	417	418	421	432	438	440	441	442	453	460	461	462	467	468	473	489	0	0
88	10	11	13	22	25	33	41	42	46	47	59	68	69	81	85	87	93	94	95	118	119	122	136	141	142	150	154	155	156	167	169	170	171	176	182	200	203	208	209	210	211	217	218	235	236	252	253	267	273	274	277	278	279	290	301	302	309	310	311	325	326	330	360	369	377	378	404	405	409	410	414	417	418	419	421	422	433	439	441	442	443	454	461	462	468	469	474	490	0	0