-1.026 -1.026
0.009027 0.009027
1.708 1.708
1.026 1.026
-0.78 -0.78
-0.62 -0.62
1.026 1.026
1.485 1.485
0.324 0.324
-1.026 -1.026
-1.393 -1.393
-0.363 -0.363
1.026 1.026
1.28 1.28
0.803 0.803
1.026 1.026
1.368 1.368
0.331 0.331
-1.026 -1.026
-1.164 -1.164
-0.99 -0.99
-1.026 -1.026
0.07 0.07
1.744 1.744
1.026 1.026
-1 -1
-0.256 -0.256
1.026 1.026
-0.419 -0.419
-0.809 -0.809
1.026 1.026
1.357 1.357
0.872 0.872
1.026 1.026
-0.075 -0.075
-1.677 -1.677
-1.026 -1.026
0.775 0.775
0.612 0.612
-1.026 -1.026
-1.367 -1.367
-0.753 -0.753
-1.026 -1.026
-1.349 -1.349
-0.385 -0.385
1.026 1.026
1.32 1.32
0.737 0.737
1.026 1.026
1.518 1.518
0.096 0.096
-1.026 -1.026
0.322 0.322
1.25 1.25
1.026 1.026
1.247 1.247
0.333 0.333
-1.026 -1.026
0.062 0.062
1.572 1.572
1.026 1.026
0.608 0.608
1.513 1.513
1.026 1.026
-0.849 -0.849
-0.417 -0.417
1.026 1.026
-0.129 -0.129
-1.441 -1.441
-1.026 -1.026
-0.94 -0.94
-0.998 -0.998
-1.026 -1.026
-1.364 -1.364
-0.23 -0.23
1.026 1.026
-0.165 -0.165
-1.458 -1.458
-1.026 -1.026
-0.785 -0.785
-1.252 -1.252
-1.026 -1.026
-0.746 -0.746
-1.402 -1.402
-1.026 -1.026
0.738 0.738
0.553 0.553
-1.026 -1.026
-0.116 -0.116
1.808 1.808
1.026 1.026
-0.876 -0.876
-0.511 -0.511
1.026 1.026
1.242 1.242
0.907 0.907
1.026 1.026
1.009 1.009
1.135 1.135
1.026 1.026
-0.303 -0.303
-1.419 -1.419
-1.026 -1.026
0.289 0.289
1.551 1.551
1.026 1.026
-0.78 -0.78
-0.545 -0.545
1.026 1.026
1.142 1.142
1.11 1.11
1.026 1.026
-0.445 -0.445
-1.156 -1.156
-1.026 -1.026
-1.38 -1.38
-0.144 -0.144
1.026 1.026
-0.501 -0.501
-0.704 -0.704
1.026 1.026
1.172 1.172
1.132 1.132
1.026 1.026
-0.649 -0.649
-0.581 -0.581
1.026 1.026
0.045 0.045
-1.684 -1.684
-1.026 -1.026
0.547 0.547
1.24 1.24
1.026 1.026
-0.157 -0.157
-1.695 -1.695
-1.026 -1.026
1.026 1.026
0.181 0.181
-1.026 -1.026
0.644 0.644
0.453 0.453
-1.026 -1.026
0.436 0.436
0.669 0.669
-1.026 -1.026
0.135 0.135
1.084 1.084
-1.026 -1.026
-1.793 -1.793
-0.006372 -0.006372
1.026 1.026
-0.098 -0.098
-1.683 -1.683
-1.026 -1.026
0.881 0.881
0.443 0.443
-1.026 -1.026
-1.018 -1.018
-1.263 -1.263
-1.026 -1.026
0.777 0.777
0.427 0.427
-1.026 -1.026
0.295 0.295
0.932 0.932
-1.026 -1.026
-1.534 -1.534
-0.612 -0.612
-1.026 -1.026
-1.52 -1.52
-0.142 -0.142
1.026 1.026
-0.166 -0.166
-1.501 -1.501
-1.026 -1.026
0.311 0.311
1.56 1.56
1.026 1.026
-0.869 -0.869
-0.388 -0.388
1.026 1.026
-0.182 -0.182
-1.372 -1.372
-1.026 -1.026
-1.12 -1.12
-0.499 -0.499
1.026 1.026
1.211 1.211
0.982 0.982
1.026 1.026
0.835 0.835
1.374 1.374
1.026 1.026
-0.81 -0.81
-0.429 -0.429
1.026 1.026
-0.221 -0.221
-1.055 -1.055
1.026 1.026
1.864 1.864
-0.117 -0.117
-1.026 -1.026
0.435 0.435
0.93 0.93
-1.026 -1.026
-1.869 -1.869
0.185 0.185
1.026 1.026
-0.659 -0.659
-0.573 -0.573
1.026 1.026
0.075 0.075
-1.726 -1.726
-1.026 -1.026
0.599 0.599
1.167 1.167
1.026 1.026
0.942 0.942
1.12 1.12
1.026 1.026
0.873 0.873
1.248 1.248
1.026 1.026
-0.406 -0.406
-1.284 -1.284
-1.026 -1.026
-0.94 -0.94
-1.074 -1.074
-1.026 -1.026
-1.029 -1.029
-0.995 -0.995
-1.026 -1.026
-1.189 -1.189
-0.535 -0.535
1.026 1.026
1.549 1.549
0.185 0.185
-1.026 -1.026
-0.027 -0.027
1.805 1.805
1.026 1.026
-1.059 -1.059
-0.183 -0.183
1.026 1.026
-0.57 -0.57
-0.577 -0.577
1.026 1.026
-0.099 -0.099
-1.422 -1.422
-1.026 -1.026
-1.122 -1.122
-0.455 -0.455
1.026 1.026
0.115 0.115
-1.83 -1.83
-1.026 -1.026
0.957 0.957
0.36 0.36
-1.026 -1.026
0.111 0.111
1.495 1.495
1.026 1.026
0.784 0.784
1.251 1.251
1.026 1.026
-0.224 -0.224
-1.61 -1.61
-1.026 -1.026
0.843 0.843
0.463 0.463
-1.026 -1.026
-0.043 -0.043
1.731 1.731
1.026 1.026
-0.703 -0.703
-0.989 -0.989
-1.026 -1.026
-1.401 -1.401
-0.199 -0.199
1.026 1.026
-0.219 -0.219
-1.365 -1.365
-1.026 -1.026
-1.07 -1.07
-0.591 -0.591
1.026 1.026
1.504 1.504
0.3 0.3
-1.026 -1.026
-1.347 -1.347
-0.434 -0.434
1.026 1.026
1.504 1.504
0.227 0.227
-1.026 -1.026
-1.034 -1.034
-1.167 -1.167
-1.026 -1.026
0.419 0.419
1.231 1.231
1.026 1.026
1.156 1.156
0.503 0.503
-1.026 -1.026
-1.315 -1.315
-0.805 -0.805
-1.026 -1.026
-1.294 -1.294
-0.455 -0.455
1.026 1.026
1.494 1.494
0.258 0.258
-1.026 -1.026
-1.125 -1.125
-1.01 -1.01
-1.026 -1.026
-0.906 -0.906
-1.25 -1.25
-1.026 -1.026
0.48 0.48
1.161 1.161
1.026 1.026
1.277 1.277
0.321 0.321
-1.026 -1.026
0.042 0.042
1.623 1.623
1.026 1.026
-0.488 -0.488
-1.302 -1.302
-1.026 -1.026
-0.697 -0.697
-1.484 -1.484
-1.026 -1.026
0.921 0.921
0.293 0.293
-1.026 -1.026
0.466 0.466
0.691 0.691
-1.026 -1.026
-0.078 -0.078
1.68 1.68
1.026 1.026
-0.443 -0.443
-1.417 -1.417
-1.026 -1.026
0.623 0.623
0.752 0.752
-1.026 -1.026
-1.612 -1.612
-0.17 -0.17
1.026 1.026
1.061 1.061
1.092 1.092
1.026 1.026
-0.194 -0.194
-1.59 -1.59
-1.026 -1.026
0.668 0.668
0.985 0.985
1.026 1.026
1.505 1.505
0.022 0.022
-1.026 -1.026
0.678 0.678
0.444 0.444
-1.026 -1.026
0.415 0.415
0.708 0.708
-1.026 -1.026
-0.028 -0.028
1.575 1.575
1.026 1.026
0.783 0.783
1.205 1.205
1.026 1.026
0.902 0.902
1.149 1.149
1.026 1.026
0.849 0.849
1.287 1.287
1.026 1.026
-0.561 -0.561
-0.813 -0.813
1.026 1.026
1.704 1.704
0.032 0.032
-1.026 -1.026
0.199 0.199
1.506 1.506
1.026 1.026
-0.415 -0.415
-1.383 -1.383
-1.026 -1.026
0.402 0.402
1.328 1.328
1.026 1.026
0.798 0.798
1.307 1.307
1.026 1.026
-0.454 -0.454
-1.236 -1.236
-1.026 -1.026
-1.052 -1.052
-0.68 -0.68
1.026 1.026
1.782 1.782
-0.135 -0.135
-1.026 -1.026
0.678 0.678
0.519 0.519
-1.026 -1.026
0.081 0.081
1.476 1.476
1.026 1.026
0.966 0.966
0.706 0.706
-1.026 -1.026
-1.681 -1.681
-0.042 -0.042
1.026 1.026
-0.219 -0.219
-1.438 -1.438
-1.026 -1.026
-0.765 -0.765
-1.305 -1.305
-1.026 -1.026
0.38 0.38
1.36 1.36
1.026 1.026
0.715 0.715
1.43 1.43
1.026 1.026
-0.764 -0.764
-0.546 -0.546
1.026 1.026
1.129 1.129
1.128 1.128
1.026 1.026
-0.531 -0.531
-0.791 -0.791
1.026 1.026
1.499 1.499
0.61 0.61
1.026 1.026
1.594 1.594
0.018 0.018
-1.026 -1.026
0.503 0.503
0.751 0.751
-1.026 -1.026
-1.328 -1.328
-0.879 -0.879
-1.026 -1.026
-0.938 -0.938
-1.259 -1.259
-1.026 -1.026
0.632 0.632
0.69 0.69
-1.026 -1.026
-1.374 -1.374
-0.764 -0.764
-1.026 -1.026
-1.255 -1.255
-0.771 -0.771
-1.026 -1.026
-1.491 -1.491
-0.123 -0.123
1.026 1.026
-0.349 -0.349
-0.958 -0.958
1.026 1.026
1.798 1.798
-0.061 -0.061
-1.026 -1.026
0.322 0.322
1.323 1.323
1.026 1.026
0.942 0.942
1.045 1.045
1.026 1.026
1.208 1.208
0.48 0.48
-1.026 -1.026
-1.393 -1.393
-0.436 -0.436
1.026 1.026
1.592 1.592
0.067 0.067
-1.026 -1.026
0.32 0.32
1.261 1.261
1.026 1.026
1.224 1.224
0.384 0.384
-1.026 -1.026
-1.034 -1.034
-1.242 -1.242
-1.026 -1.026
0.761 0.761
0.445 0.445
-1.026 -1.026
0.2 0.2
1.318 1.318
1.026 1.026
1.277 1.277
0.248 0.248
-1.026 -1.026
0.346 0.346
0.912 0.912
-1.026 -1.026
-1.642 -1.642
-0.189 -0.189
1.026 1.026
1.235 1.235
0.57 0.57
-1.026 -1.026
-1.749 -1.749
0.14 0.14
1.026 1.026
-0.782 -0.782
-0.342 -0.342
1.026 1.026
-0.54 -0.54
-0.554 -0.554
1.026 1.026
-0.312 -0.312
-0.823 -0.823
1.026 1.026
0.205 0.205
-1.834 -1.834
-1.026 -1.026
0.775 0.775
0.688 0.688
-1.026 -1.026
-1.709 -1.709
0.036 0.036
1.026 1.026
-0.423 -0.423
-1.146 -1.146
-1.026 -1.026
-1.401 -1.401
-0.126 -0.126
1.026 1.026
-0.523 -0.523
-0.651 -0.651
1.026 1.026
0.046 0.046
-1.63 -1.63
-1.026 -1.026
-0.626 -0.626
-1.458 -1.458
-1.026 -1.026
0.693 0.693
0.67 0.67
-1.026 -1.026
-1.458 -1.458
-0.399 -0.399
1.026 1.026
1.617 1.617
0.003442 0.003442
-1.026 -1.026
0.536 0.536
0.706 0.706
-1.026 -1.026
-1.246 -1.246
-1.008 -1.008
-1.026 -1.026
0.32 0.32
1.31 1.31
1.026 1.026
1.041 1.041
0.897 0.897
1.026 1.026
1.488 1.488
0.076 0.076
-1.026 -1.026
0.505 0.505
0.705 0.705
-1.026 -1.026
-0.203 -0.203
1.88 1.88
1.026 1.026
-0.931 -0.931
-0.435 -0.435
1.026 1.026
0.114 0.114
-1.855 -1.855
-1.026 -1.026
1.032 1.032
0.258 0.258
-1.026 -1.026
0.345 0.345
0.933 0.933
-1.026 -1.026
-1.687 -1.687
-0.141 -0.141
1.026 1.026
1.13 1.13
0.942 0.942
1.026 1.026
1.13 1.13
0.894 0.894
1.026 1.026
1.314 1.314
0.381 0.381
-1.026 -1.026
-1.217 -1.217
-0.914 -0.914
-1.026 -1.026
-1.059 -1.059
-1.017 -1.017
-1.026 -1.026
-0.977 -0.977
-1.133 -1.133
-1.026 -1.026
0.229 0.229
1.543 1.543
1.026 1.026
-0.618 -0.618
-0.819 -0.819
1.026 1.026
1.836 1.836
-0.19 -0.19
-1.026 -1.026
0.763 0.763
0.396 0.396
-1.026 -1.026
0.384 0.384
0.807 0.807
-1.026 -1.026
-1.283 -1.283
-0.996 -0.996
-1.026 -1.026
0.404 0.404
0.945 0.945
-1.026 -1.026
-1.831 -1.831
0.122 0.122
1.026 1.026
-0.539 -0.539
-0.753 -0.753
1.026 1.026
1.402 1.402
0.755 0.755
1.026 1.026
1.275 1.275
0.509 0.509
-1.026 -1.026
-1.65 -1.65
-0.007893 -0.007893
1.026 1.026
-0.432 -0.432
-0.883 -0.883
1.026 1.026
1.713 1.713
0.066 0.066
-1.026 -1.026
-0.906 -0.906
-1.299 -1.299
-1.026 -1.026
0.663 0.663
0.648 0.648
-1.026 -1.026
-1.254 -1.254
-0.974 -0.974
-1.026 -1.026
0.199 0.199
1.523 1.523
1.026 1.026
-0.443 -0.443
-1.344 -1.344
-1.026 -1.026
0.311 0.311
1.487 1.487
1.026 1.026
-0.556 -0.556
-1.121 -1.121
-1.026 -1.026
-1.26 -1.26
-0.388 -0.388
1.026 1.026
1.138 1.138
1.065 1.065
1.026 1.026
-0.294 -0.294
-1.385 -1.385
-1.026 -1.026
-0.816 -0.816
-1.253 -1.253
-1.026 -1.026
0.298 0.298
1.486 1.486
1.026 1.026
-0.513 -0.513
-1.192 -1.192
-1.026 -1.026
-1.043 -1.043
-0.943 -0.943
-1.026 -1.026
-1.332 -1.332
-0.327 -0.327
1.026 1.026
1.06 1.06
1.167 1.167
1.026 1.026
-0.536 -0.536
-0.802 -0.802
1.026 1.026
1.586 1.586
0.245 0.245
-1.026 -1.026
-1.285 -1.285
-0.735 -0.735
-1.026 -1.026
-1.592 -1.592
0.028 0.028
1.026 1.026
-0.659 -0.659
-0.498 -0.498
1.026 1.026
-0.259 -0.259
-0.961 -0.961
1.026 1.026
1.615 1.615
0.264 0.264
-1.026 -1.026
-1.46 -1.46
-0.211 -0.211
1.026 1.026
-0.074 -0.074
-1.628 -1.628
-1.026 -1.026
0.592 0.592
1.125 1.125
1.026 1.026
1.156 1.156
0.565 0.565
-1.026 -1.026
-1.605 -1.605
-0.123 -0.123
1.026 1.026
0.88 0.88
1.374 1.374
1.026 1.026
-0.888 -0.888
-0.291 -0.291
1.026 1.026
-0.54 -0.54
-0.567 -0.567
1.026 1.026
-0.259 -0.259
-0.93 -0.93
1.026 1.026
1.46 1.46
0.735 0.735
1.026 1.026
1.184 1.184
0.895 0.895
1.026 1.026
1.154 1.154
0.873 0.873
1.026 1.026
1.366 1.366
0.276 0.276
-1.026 -1.026
0.009027 0.009027
1.708 1.708
1.026 1.026
-0.78 -0.78
-0.62 -0.62
1.026 1.026
1.485 1.485
0.324 0.324
-1.026 -1.026
-1.393 -1.393
-0.363 -0.363
1.026 1.026
1.28 1.28
0.803 0.803
1.026 1.026
1.368 1.368
0.331 0.331
-1.026 -1.026
-1.164 -1.164
-0.99 -0.99
-1.026 -1.026
0.07 0.07
1.744 1.744
1.026 1.026
-1 -1
-0.256 -0.256
1.026 1.026
-0.419 -0.419
-0.809 -0.809
1.026 1.026
1.357 1.357
0.872 0.872
1.026 1.026
-0.075 -0.075
-1.677 -1.677
-1.026 -1.026
0.775 0.775
0.612 0.612
-1.026 -1.026
-1.367 -1.367
-0.753 -0.753
-1.026 -1.026
-1.349 -1.349
-0.385 -0.385
1.026 1.026
1.32 1.32
0.737 0.737
1.026 1.026
1.518 1.518
0.096 0.096
-1.026 -1.026
0.322 0.322
1.25 1.25
1.026 1.026
1.247 1.247
0.333 0.333
-1.026 -1.026
0.062 0.062
1.572 1.572
1.026 1.026
0.608 0.608
1.513 1.513
1.026 1.026
-0.849 -0.849
-0.417 -0.417
1.026 1.026
-0.129 -0.129
-1.441 -1.441
-1.026 -1.026
-0.94 -0.94
-0.998 -0.998
-1.026 -1.026
-1.364 -1.364
-0.23 -0.23
1.026 1.026
-0.165 -0.165
-1.458 -1.458
-1.026 -1.026
-0.785 -0.785
-1.252 -1.252
-1.026 -1.026
-0.746 -0.746
-1.402 -1.402
-1.026 -1.026
0.738 0.738
0.553 0.553
-1.026 -1.026
-0.116 -0.116
1.808 1.808
1.026 1.026
-0.876 -0.876
-0.511 -0.511
1.026 1.026
1.242 1.242
0.907 0.907
1.026 1.026
1.009 1.009
1.135 1.135
1.026 1.026
-0.303 -0.303
-1.419 -1.419
-1.026 -1.026
0.289 0.289
1.551 1.551
1.026 1.026
-0.78 -0.78
-0.545 -0.545
1.026 1.026
1.142 1.142
1.11 1.11
1.026 1.026
-0.445 -0.445
-1.156 -1.156
-1.026 -1.026
-1.38 -1.38
-0.144 -0.144
1.026 1.026
-0.501 -0.501
-0.704 -0.704
1.026 1.026
1.172 1.172
1.132 1.132
1.026 1.026
-0.649 -0.649
-0.581 -0.581
1.026 1.026
0.045 0.045
-1.684 -1.684
-1.026 -1.026
0.547 0.547
1.24 1.24
1.026 1.026
-0.157 -0.157
-1.695 -1.695
-1.026 -1.026
1.026 1.026
0.181 0.181
-1.026 -1.026
0.644 0.644
0.453 0.453
-1.026 -1.026
0.436 0.436
0.669 0.669
-1.026 -1.026
0.135 0.135
1.084 1.084
-1.026 -1.026
-1.793 -1.793
-0.006372 -0.006372
1.026 1.026
-0.098 -0.098
-1.683 -1.683
-1.026 -1.026
0.881 0.881
0.443 0.443
-1.026 -1.026
-1.018 -1.018
-1.263 -1.263
-1.026 -1.026
0.777 0.777
0.427 0.427
-1.026 -1.026
0.295 0.295
0.932 0.932
-1.026 -1.026
-1.534 -1.534
-0.612 -0.612
-1.026 -1.026
-1.52 -1.52
-0.142 -0.142
1.026 1.026
-0.166 -0.166
-1.501 -1.501
-1.026 -1.026
0.311 0.311
1.56 1.56
1.026 1.026
-0.869 -0.869
-0.388 -0.388
1.026 1.026
-0.182 -0.182
-1.372 -1.372
-1.026 -1.026
-1.12 -1.12
-0.499 -0.499
1.026 1.026
1.211 1.211
0.982 0.982
1.026 1.026
0.835 0.835
1.374 1.374
1.026 1.026
-0.81 -0.81
-0.429 -0.429
1.026 1.026
-0.221 -0.221
-1.055 -1.055
1.026 1.026
1.864 1.864
-0.117 -0.117
-1.026 -1.026
0.435 0.435
0.93 0.93
-1.026 -1.026
-1.869 -1.869
0.185 0.185
1.026 1.026
-0.659 -0.659
-0.573 -0.573
1.026 1.026
0.075 0.075
-1.726 -1.726
-1.026 -1.026
0.599 0.599
1.167 1.167
1.026 1.026
0.942 0.942
1.12 1.12
1.026 1.026
0.873 0.873
1.248 1.248
1.026 1.026
-0.406 -0.406
-1.284 -1.284
-1.026 -1.026
-0.94 -0.94
-1.074 -1.074
-1.026 -1.026
-1.029 -1.029
-0.995 -0.995
-1.026 -1.026
-1.189 -1.189
-0.535 -0.535
1.026 1.026
1.549 1.549
0.185 0.185
-1.026 -1.026
-0.027 -0.027
1.805 1.805
1.026 1.026
-1.059 -1.059
-0.183 -0.183
1.026 1.026
-0.57 -0.57
-0.577 -0.577
1.026 1.026
-0.099 -0.099
-1.422 -1.422
-1.026 -1.026
-1.122 -1.122
-0.455 -0.455
1.026 1.026
0.115 0.115
-1.83 -1.83
-1.026 -1.026
0.957 0.957
0.36 0.36
-1.026 -1.026
0.111 0.111
1.495 1.495
1.026 1.026
0.784 0.784
1.251 1.251
1.026 1.026
-0.224 -0.224
-1.61 -1.61
-1.026 -1.026
0.843 0.843
0.463 0.463
-1.026 -1.026
-0.043 -0.043
1.731 1.731
1.026 1.026
-0.703 -0.703
-0.989 -0.989
-1.026 -1.026
-1.401 -1.401
-0.199 -0.199
1.026 1.026
-0.219 -0.219
-1.365 -1.365
-1.026 -1.026
-1.07 -1.07
-0.591 -0.591
1.026 1.026
1.504 1.504
0.3 0.3
-1.026 -1.026
-1.347 -1.347
-0.434 -0.434
1.026 1.026
1.504 1.504
0.227 0.227
-1.026 -1.026
-1.034 -1.034
-1.167 -1.167
-1.026 -1.026
0.419 0.419
1.231 1.231
1.026 1.026
1.156 1.156
0.503 0.503
-1.026 -1.026
-1.315 -1.315
-0.805 -0.805
-1.026 -1.026
-1.294 -1.294
-0.455 -0.455
1.026 1.026
1.494 1.494
0.258 0.258
-1.026 -1.026
-1.125 -1.125
-1.01 -1.01
-1.026 -1.026
-0.906 -0.906
-1.25 -1.25
-1.026 -1.026
0.48 0.48
1.161 1.161
1.026 1.026
1.277 1.277
0.321 0.321
-1.026 -1.026
0.042 0.042
1.623 1.623
1.026 1.026
-0.488 -0.488
-1.302 -1.302
-1.026 -1.026
-0.697 -0.697
-1.484 -1.484
-1.026 -1.026
0.921 0.921
0.293 0.293
-1.026 -1.026
0.466 0.466
0.691 0.691
-1.026 -1.026
-0.078 -0.078
1.68 1.68
1.026 1.026
-0.443 -0.443
-1.417 -1.417
-1.026 -1.026
0.623 0.623
0.752 0.752
-1.026 -1.026
-1.612 -1.612
-0.17 -0.17
1.026 1.026
1.061 1.061
1.092 1.092
1.026 1.026
-0.194 -0.194
-1.59 -1.59
-1.026 -1.026
0.668 0.668
0.985 0.985
1.026 1.026
1.505 1.505
0.022 0.022
-1.026 -1.026
0.678 0.678
0.444 0.444
-1.026 -1.026
0.415 0.415
0.708 0.708
-1.026 -1.026
-0.028 -0.028
1.575 1.575
1.026 1.026
0.783 0.783
1.205 1.205
1.026 1.026
0.902 0.902
1.149 1.149
1.026 1.026
0.849 0.849
1.287 1.287
1.026 1.026
-0.561 -0.561
-0.813 -0.813
1.026 1.026
1.704 1.704
0.032 0.032
-1.026 -1.026
0.199 0.199
1.506 1.506
1.026 1.026
-0.415 -0.415
-1.383 -1.383
-1.026 -1.026
0.402 0.402
1.328 1.328
1.026 1.026
0.798 0.798
1.307 1.307
1.026 1.026
-0.454 -0.454
-1.236 -1.236
-1.026 -1.026
-1.052 -1.052
-0.68 -0.68
1.026 1.026
1.782 1.782
-0.135 -0.135
-1.026 -1.026
0.678 0.678
0.519 0.519
-1.026 -1.026
0.081 0.081
1.476 1.476
1.026 1.026
0.966 0.966
0.706 0.706
-1.026 -1.026
-1.681 -1.681
-0.042 -0.042
1.026 1.026
-0.219 -0.219
-1.438 -1.438
-1.026 -1.026
-0.765 -0.765
-1.305 -1.305
-1.026 -1.026
0.38 0.38
1.36 1.36
1.026 1.026
0.715 0.715
1.43 1.43
1.026 1.026
-0.764 -0.764
-0.546 -0.546
1.026 1.026
1.129 1.129
1.128 1.128
1.026 1.026
-0.531 -0.531
-0.791 -0.791
1.026 1.026
1.499 1.499
0.61 0.61
1.026 1.026
1.594 1.594
0.018 0.018
-1.026 -1.026
0.503 0.503
0.751 0.751
-1.026 -1.026
-1.328 -1.328
-0.879 -0.879
-1.026 -1.026
-0.938 -0.938
-1.259 -1.259
-1.026 -1.026
0.632 0.632
0.69 0.69
-1.026 -1.026
-1.374 -1.374
-0.764 -0.764
-1.026 -1.026
-1.255 -1.255
-0.771 -0.771
-1.026 -1.026
-1.491 -1.491
-0.123 -0.123
1.026 1.026
-0.349 -0.349
-0.958 -0.958
1.026 1.026
1.798 1.798
-0.061 -0.061
-1.026 -1.026
0.322 0.322
1.323 1.323
1.026 1.026
0.942 0.942
1.045 1.045
1.026 1.026
1.208 1.208
0.48 0.48
-1.026 -1.026
-1.393 -1.393
-0.436 -0.436
1.026 1.026
1.592 1.592
0.067 0.067
-1.026 -1.026
0.32 0.32
1.261 1.261
1.026 1.026
1.224 1.224
0.384 0.384
-1.026 -1.026
-1.034 -1.034
-1.242 -1.242
-1.026 -1.026
0.761 0.761
0.445 0.445
-1.026 -1.026
0.2 0.2
1.318 1.318
1.026 1.026
1.277 1.277
0.248 0.248
-1.026 -1.026
0.346 0.346
0.912 0.912
-1.026 -1.026
-1.642 -1.642
-0.189 -0.189
1.026 1.026
1.235 1.235
0.57 0.57
-1.026 -1.026
-1.749 -1.749
0.14 0.14
1.026 1.026
-0.782 -0.782
-0.342 -0.342
1.026 1.026
-0.54 -0.54
-0.554 -0.554
1.026 1.026
-0.312 -0.312
-0.823 -0.823
1.026 1.026
0.205 0.205
-1.834 -1.834
-1.026 -1.026
0.775 0.775
0.688 0.688
-1.026 -1.026
-1.709 -1.709
0.036 0.036
1.026 1.026
-0.423 -0.423
-1.146 -1.146
-1.026 -1.026
-1.401 -1.401
-0.126 -0.126
1.026 1.026
-0.523 -0.523
-0.651 -0.651
1.026 1.026
0.046 0.046
-1.63 -1.63
-1.026 -1.026
-0.626 -0.626
-1.458 -1.458
-1.026 -1.026
0.693 0.693
0.67 0.67
-1.026 -1.026
-1.458 -1.458
-0.399 -0.399
1.026 1.026
1.617 1.617
0.003442 0.003442
-1.026 -1.026
0.536 0.536
0.706 0.706
-1.026 -1.026
-1.246 -1.246
-1.008 -1.008
-1.026 -1.026
0.32 0.32
1.31 1.31
1.026 1.026
1.041 1.041
0.897 0.897
1.026 1.026
1.488 1.488
0.076 0.076
-1.026 -1.026
0.505 0.505
0.705 0.705
-1.026 -1.026
-0.203 -0.203
1.88 1.88
1.026 1.026
-0.931 -0.931
-0.435 -0.435
1.026 1.026
0.114 0.114
-1.855 -1.855
-1.026 -1.026
1.032 1.032
0.258 0.258
-1.026 -1.026
0.345 0.345
0.933 0.933
-1.026 -1.026
-1.687 -1.687
-0.141 -0.141
1.026 1.026
1.13 1.13
0.942 0.942
1.026 1.026
1.13 1.13
0.894 0.894
1.026 1.026
1.314 1.314
0.381 0.381
-1.026 -1.026
-1.217 -1.217
-0.914 -0.914
-1.026 -1.026
-1.059 -1.059
-1.017 -1.017
-1.026 -1.026
-0.977 -0.977
-1.133 -1.133
-1.026 -1.026
0.229 0.229
1.543 1.543
1.026 1.026
-0.618 -0.618
-0.819 -0.819
1.026 1.026
1.836 1.836
-0.19 -0.19
-1.026 -1.026
0.763 0.763
0.396 0.396
-1.026 -1.026
0.384 0.384
0.807 0.807
-1.026 -1.026
-1.283 -1.283
-0.996 -0.996
-1.026 -1.026
0.404 0.404
0.945 0.945
-1.026 -1.026
-1.831 -1.831
0.122 0.122
1.026 1.026
-0.539 -0.539
-0.753 -0.753
1.026 1.026
1.402 1.402
0.755 0.755
1.026 1.026
1.275 1.275
0.509 0.509
-1.026 -1.026
-1.65 -1.65
-0.007893 -0.007893
1.026 1.026
-0.432 -0.432
-0.883 -0.883
1.026 1.026
1.713 1.713
0.066 0.066
-1.026 -1.026
-0.906 -0.906
-1.299 -1.299
-1.026 -1.026
0.663 0.663
0.648 0.648
-1.026 -1.026
-1.254 -1.254
-0.974 -0.974
-1.026 -1.026
0.199 0.199
1.523 1.523
1.026 1.026
-0.443 -0.443
-1.344 -1.344
-1.026 -1.026
0.311 0.311
1.487 1.487
1.026 1.026
-0.556 -0.556
-1.121 -1.121
-1.026 -1.026
-1.26 -1.26
-0.388 -0.388
1.026 1.026
1.138 1.138
1.065 1.065
1.026 1.026
-0.294 -0.294
-1.385 -1.385
-1.026 -1.026
-0.816 -0.816
-1.253 -1.253
-1.026 -1.026
0.298 0.298
1.486 1.486
1.026 1.026
-0.513 -0.513
-1.192 -1.192
-1.026 -1.026
-1.043 -1.043
-0.943 -0.943
-1.026 -1.026
-1.332 -1.332
-0.327 -0.327
1.026 1.026
1.06 1.06
1.167 1.167
1.026 1.026
-0.536 -0.536
-0.802 -0.802
1.026 1.026
1.586 1.586
0.245 0.245
-1.026 -1.026
-1.285 -1.285
-0.735 -0.735
-1.026 -1.026
-1.592 -1.592
0.028 0.028
1.026 1.026
-0.659 -0.659
-0.498 -0.498
1.026 1.026
-0.259 -0.259
-0.961 -0.961
1.026 1.026
1.615 1.615
0.264 0.264
-1.026 -1.026
-1.46 -1.46
-0.211 -0.211
1.026 1.026
-0.074 -0.074
-1.628 -1.628
-1.026 -1.026
0.592 0.592
1.125 1.125
1.026 1.026
1.156 1.156
0.565 0.565
-1.026 -1.026
-1.605 -1.605
-0.123 -0.123
1.026 1.026
0.88 0.88
1.374 1.374
1.026 1.026
-0.888 -0.888
-0.291 -0.291
1.026 1.026
-0.54 -0.54
-0.567 -0.567
1.026 1.026
-0.259 -0.259
-0.93 -0.93
1.026 1.026
1.46 1.46
0.735 0.735
1.026 1.026
1.184 1.184
0.895 0.895
1.026 1.026
1.154 1.154
0.873 0.873
1.026 1.026
1.366 1.366
0.276 0.276
-1.026 -1.026
0.009027 0.009027
1.708 1.708
1.026 1.026
-0.78 -0.78
-0.62 -0.62
1.026 1.026
1.485 1.485
0.324 0.324
-1.026 -1.026
-1.393 -1.393
-0.363 -0.363
1.026 1.026
1.28 1.28
0.803 0.803
1.026 1.026
1.368 1.368
0.331 0.331
-1.026 -1.026
-1.164 -1.164
-0.99 -0.99
-1.026 -1.026
0.07 0.07
1.744 1.744
1.026 1.026
-1 -1
-0.256 -0.256
1.026 1.026
-0.419 -0.419
-0.809 -0.809
1.026 1.026
1.357 1.357
0.872 0.872
1.026 1.026
-0.075 -0.075
-1.677 -1.677
-1.026 -1.026
0.775 0.775
0.612 0.612
-1.026 -1.026
-1.367 -1.367
-0.753 -0.753
-1.026 -1.026
-1.349 -1.349
-0.385 -0.385
1.026 1.026
1.32 1.32
0.737 0.737
1.026 1.026
1.518 1.518
0.096 0.096
-1.026 -1.026
0.322 0.322
1.25 1.25
1.026 1.026
1.247 1.247
0.333 0.333
-1.026 -1.026
0.062 0.062
1.572 1.572
1.026 1.026
0.608 0.608
1.513 1.513
1.026 1.026
-0.849 -0.849
-0.417 -0.417
1.026 1.026
-0.129 -0.129
-1.441 -1.441
-1.026 -1.026
-0.94 -0.94
-0.998 -0.998
-1.026 -1.026
-1.364 -1.364
-0.23 -0.23
1.026 1.026
-0.165 -0.165
-1.458 -1.458
-1.026 -1.026
-0.785 -0.785
-1.252 -1.252
-1.026 -1.026
-0.746 -0.746
-1.402 -1.402
-1.026 -1.026
0.738 0.738
0.553 0.553
-1.026 -1.026
-0.116 -0.116
1.808 1.808
1.026 1.026
-0.876 -0.876
-0.511 -0.511
1.026 1.026
1.242 1.242
0.907 0.907
1.026 1.026
1.009 1.009
1.135 1.135
1.026 1.026
-0.303 -0.303
-1.419 -1.419
-1.026 -1.026
0.289 0.289
1.551 1.551
1.026 1.026
-0.78 -0.78
-0.545 -0.545
1.026 1.026
1.142 1.142
1.11 1.11
1.026 1.026
-0.445 -0.445
-1.156 -1.156
-1.026 -1.026
-1.38 -1.38
-0.144 -0.144
1.026 1.026
-0.501 -0.501
-0.704 -0.704
1.026 1.026
1.172 1.172
1.132 1.132
1.026 1.026
-0.649 -0.649
-0.581 -0.581
1.026 1.026
0.045 0.045
-1.684 -1.684
-1.026 -1.026
0.547 0.547
1.24 1.24
1.026 1.026
-0.157 -0.157
-1.695 -1.695
-1.026 -1.026
1.026 1.026
0.181 0.181
-1.026 -1.026
0.644 0.644
0.453 0.453
-1.026 -1.026
0.436 0.436
0.669 0.669
-1.026 -1.026
0.135 0.135
1.084 1.084
-1.026 -1.026
-1.793 -1.793
-0.006372 -0.006372
1.026 1.026
-0.098 -0.098
-1.683 -1.683
-1.026 -1.026
0.881 0.881
0.443 0.443
-1.026 -1.026
-1.018 -1.018
-1.263 -1.263
-1.026 -1.026
0.777 0.777
0.427 0.427
-1.026 -1.026
0.295 0.295
0.932 0.932
-1.026 -1.026
-1.534 -1.534
-0.612 -0.612
-1.026 -1.026
-1.52 -1.52
-0.142 -0.142
1.026 1.026
-0.166 -0.166
-1.501 -1.501
-1.026 -1.026
0.311 0.311
1.56 1.56
1.026 1.026
-0.869 -0.869
-0.388 -0.388
1.026 1.026
-0.182 -0.182
-1.372 -1.372
-1.026 -1.026
-1.12 -1.12
-0.499 -0.499
1.026 1.026
1.211 1.211
0.982 0.982
1.026 1.026
0.835 0.835
1.374 1.374
1.026 1.026
-0.81 -0.81
-0.429 -0.429
1.026 1.026
-0.221 -0.221
-1.055 -1.055
1.026 1.026
1.864 1.864
-0.117 -0.117
-1.026 -1.026
0.435 0.435
0.93 0.93
-1.026 -1.026
-1.869 -1.869
0.185 0.185
1.026 1.026
-0.659 -0.659
-0.573 -0.573
1.026 1.026
0.075 0.075
-1.726 -1.726
-1.026 -1.026
0.599 0.599
1.167 1.167
1.026 1.026
0.942 0.942
1.12 1.12
1.026 1.026
0.873 0.873
1.248 1.248
1.026 1.026
-0.406 -0.406
-1.284 -1.284
-1.026 -1.026
-0.94 -0.94
-1.074 -1.074
-1.026 -1.026
-1.029 -1.029
-0.995 -0.995
-1.026 -1.026
-1.189 -1.189
-0.535 -0.535
1.026 1.026
1.549 1.549
0.185 0.185
-1.026 -1.026
-0.027 -0.027
1.805 1.805
1.026 1.026
-1.059 -1.059
-0.183 -0.183
1.026 1.026
-0.57 -0.57
-0.577 -0.577
1.026 1.026
-0.099 -0.099
-1.422 -1.422
-1.026 -1.026
-1.122 -1.122
-0.455 -0.455
1.026 1.026
0.115 0.115
-1.83 -1.83
-1.026 -1.026
0.957 0.957
0.36 0.36
-1.026 -1.026
0.111 0.111
1.495 1.495
1.026 1.026
0.784 0.784
1.251 1.251
1.026 1.026
-0.224 -0.224
-1.61 -1.61
-1.026 -1.026
0.843 0.843
0.463 0.463
-1.026 -1.026
-0.043 -0.043
1.731 1.731
1.026 1.026
-0.703 -0.703
-0.989 -0.989
-1.026 -1.026
-1.401 -1.401
-0.199 -0.199
1.026 1.026
-0.219 -0.219
-1.365 -1.365
-1.026 -1.026
-1.07 -1.07
-0.591 -0.591
1.026 1.026
1.504 1.504
0.3 0.3
-1.026 -1.026
-1.347 -1.347
-0.434 -0.434
1.026 1.026
1.504 1.504
0.227 0.227
-1.026 -1.026
-1.034 -1.034
-1.167 -1.167
-1.026 -1.026
0.419 0.419
1.231 1.231
1.026 1.026
1.156 1.156
0.503 0.503
-1.026 -1.026
-1.315 -1.315
-0.805 -0.805
-1.026 -1.026
-1.294 -1.294
-0.455 -0.455
1.026 1.026
1.494 1.494
0.258 0.258
-1.026 -1.026
-1.125 -1.125
-1.01 -1.01
-1.026 -1.026
-0.906 -0.906
-1.25 -1.25
-1.026 -1.026
0.48 0.48
1.161 1.161
1.026 1.026
1.277 1.277
0.321 0.321
-1.026 -1.026
0.042 0.042
1.623 1.623
1.026 1.026
-0.488 -0.488
-1.302 -1.302
-1.026 -1.026
-0.697 -0.697
-1.484 -1.484
-1.026 -1.026
0.921 0.921
0.293 0.293
-1.026 -1.026
0.466 0.466
0.691 0.691
-1.026 -1.026
-0.078 -0.078
1.68 1.68
1.026 1.026
-0.443 -0.443
-1.417 -1.417
-1.026 -1.026
0.623 0.623
0.752 0.752
-1.026 -1.026
-1.612 -1.612
-0.17 -0.17
1.026 1.026
1.061 1.061
1.092 1.092
1.026 1.026
-0.194 -0.194
-1.59 -1.59
-1.026 -1.026
0.668 0.668
0.985 0.985
1.026 1.026
1.505 1.505
0.022 0.022
-1.026 -1.026
0.678 0.678
0.444 0.444
-1.026 -1.026
0.415 0.415
0.708 0.708
-1.026 -1.026
-0.028 -0.028
1.574 1.574
1.026 1.026
0.801 0.801
1.169 1.169
1.026 1.026
0.982 0.982
1.039 1.039
1.026 1.026
1.054 1.054
0.976 0.976
1.026 1.026
1.194 1.194
0.543 0.543
-1.026 -1.026
-1.598 -1.598
-0.104 -0.104
1.026 1.026
-0.164 -0.164
-1.528 -1.528
-1.026 -1.026
0.424 0.424
1.379 1.379
1.026 1.026
-0.402 -0.402
-1.328 -1.328
-1.026 -1.026
-0.798 -0.798
-1.307 -1.307
-1.026 -1.026
0.454 0.454
1.236 1.236
1.026 1.026
1.052 1.052
0.68 0.68
-1.026 -1.026
-1.782 -1.782
0.135 0.135
1.026 1.026
-0.678 -0.678
-0.519 -0.519
1.026 1.026
-0.081 -0.081
-1.476 -1.476
-1.026 -1.026
-0.966 -0.966
-0.706 -0.706
1.026 1.026
1.681 1.681
0.042 0.042
-1.026 -1.026
0.219 0.219
1.438 1.438
1.026 1.026
0.765 0.765
1.305 1.305
1.026 1.026
-0.38 -0.38
-1.36 -1.36
-1.026 -1.026
-0.715 -0.715
-1.43 -1.43
-1.026 -1.026
0.764 0.764
0.546 0.546
-1.026 -1.026
-1.129 -1.129
-1.128 -1.128
-1.026 -1.026
0.531 0.531
0.791 0.791
-1.026 -1.026
-1.499 -1.499
-0.61 -0.61
-1.026 -1.026
-1.594 -1.594
-0.018 -0.018
1.026 1.026
-0.503 -0.503
-0.751 -0.751
1.026 1.026
1.328 1.328
0.879 0.879
1.026 1.026
0.938 0.938
1.259 1.259
1.026 1.026
-0.632 -0.632
-0.69 -0.69
1.026 1.026
1.374 1.374
0.764 0.764
1.026 1.026
1.255 1.255
0.771 0.771
1.026 1.026
1.491 1.491
0.123 0.123
-1.026 -1.026
0.349 0.349
0.958 0.958
-1.026 -1.026
-1.798 -1.798
0.061 0.061
1.026 1.026
-0.322 -0.322
-1.323 -1.323
-1.026 -1.026
-0.942 -0.942
-1.045 -1.045
-1.026 -1.026
-1.208 -1.208
-0.48 -0.48
1.026 1.026
1.393 1.393
0.436 0.436
-1.026 -1.026
-1.592 -1.592
-0.067 -0.067
1.026 1.026
-0.32 -0.32
-1.261 -1.261
-1.026 -1.026
-1.224 -1.224
-0.384 -0.384
1.026 1.026
1.034 1.034
1.242 1.242
1.026 1.026
-0.761 -0.761
-0.445 -0.445
1.026 1.026
-0.2 -0.2
-1.318 -1.318
-1.026 -1.026
-1.277 -1.277
-0.248 -0.248
1.026 1.026
-0.346 -0.346
-0.912 -0.912
1.026 1.026
1.642 1.642
0.189 0.189
-1.026 -1.026
-1.235 -1.235
-0.57 -0.57
1.026 1.026
1.749 1.749
-0.14 -0.14
-1.026 -1.026
0.782 0.782
0.342 0.342
-1.026 -1.026
0.54 0.54
0.554 0.554
-1.026 -1.026
0.312 0.312
0.823 0.823
-1.026 -1.026
-0.205 -0.205
1.834 1.834
1.026 1.026
-0.775 -0.775
-0.688 -0.688
1.026 1.026
1.709 1.709
-0.036 -0.036
-1.026 -1.026
0.423 0.423
1.146 1.146
1.026 1.026
1.401 1.401
0.126 0.126
-1.026 -1.026
0.523 0.523
0.651 0.651
-1.026 -1.026
-0.046 -0.046
1.63 1.63
1.026 1.026
0.626 0.626
1.458 1.458
1.026 1.026
-0.693 -0.693
-0.67 -0.67
1.026 1.026
1.458 1.458
0.399 0.399
-1.026 -1.026
-1.617 -1.617
-0.003442 -0.003442
1.026 1.026
-0.536 -0.536
-0.706 -0.706
1.026 1.026
1.246 1.246
1.008 1.008
1.026 1.026
-0.32 -0.32
-1.31 -1.31
-1.026 -1.026
-1.041 -1.041
-0.897 -0.897
-1.026 -1.026
-1.488 -1.488
-0.076 -0.076
1.026 1.026
-0.505 -0.505
-0.705 -0.705
1.026 1.026
0.203 0.203
-1.88 -1.88
-1.026 -1.026
0.931 0.931
0.435 0.435
-1.026 -1.026
-0.114 -0.114
1.855 1.855
1.026 1.026
-1.032 -1.032
-0.258 -0.258
1.026 1.026
-0.345 -0.345
-0.933 -0.933
1.026 1.026
1.687 1.687
0.141 0.141
-1.026 -1.026
-1.13 -1.13
-0.942 -0.942
-1.026 -1.026
-1.13 -1.13
-0.894 -0.894
-1.026 -1.026
-1.314 -1.314
-0.381 -0.381
1.026 1.026
1.217 1.217
0.914 0.914
1.026 1.026
1.059 1.059
1.017 1.017
1.026 1.026
0.977 0.977
1.133 1.133
1.026 1.026
-0.229 -0.229
-1.543 -1.543
-1.026 -1.026
0.618 0.618
0.819 0.819
-1.026 -1.026
-1.836 -1.836
0.19 0.19
1.026 1.026
-0.763 -0.763
-0.396 -0.396
1.026 1.026
-0.384 -0.384
-0.807 -0.807
1.026 1.026
1.283 1.283
0.996 0.996
1.026 1.026
-0.404 -0.404
-0.945 -0.945
1.026 1.026
1.831 1.831
-0.122 -0.122
-1.026 -1.026
0.539 0.539
0.753 0.753
-1.026 -1.026
-1.402 -1.402
-0.755 -0.755
-1.026 -1.026
-1.275 -1.275
-0.509 -0.509
1.026 1.026
1.65 1.65
0.007893 0.007893
-1.026 -1.026
0.432 0.432
0.883 0.883
-1.026 -1.026
-1.713 -1.713
-0.066 -0.066
1.026 1.026
0.906 0.906
1.299 1.299
1.026 1.026
-0.663 -0.663
-0.648 -0.648
1.026 1.026
1.254 1.254
0.974 0.974
1.026 1.026
-0.199 -0.199
-1.523 -1.523
-1.026 -1.026
0.443 0.443
1.344 1.344
1.026 1.026
-0.311 -0.311
-1.487 -1.487
-1.026 -1.026
0.556 0.556
1.121 1.121
1.026 1.026
1.26 1.26
0.388 0.388
-1.026 -1.026
-1.138 -1.138
-1.065 -1.065
-1.026 -1.026
0.294 0.294
1.385 1.385
1.026 1.026
0.816 0.816
1.253 1.253
1.026 1.026
-0.298 -0.298
-1.486 -1.486
-1.026 -1.026
0.513 0.513
1.192 1.192
1.026 1.026
1.043 1.043
0.943 0.943
1.026 1.026
1.332 1.332
0.327 0.327
-1.026 -1.026
-1.06 -1.06
-1.167 -1.167
-1.026 -1.026
0.536 0.536
0.802 0.802
-1.026 -1.026
-1.586 -1.586
-0.245 -0.245
1.026 1.026
1.285 1.285
0.735 0.735
1.026 1.026
1.592 1.592
-0.028 -0.028
-1.026 -1.026
0.659 0.659
0.498 0.498
-1.026 -1.026
0.259 0.259
0.961 0.961
-1.026 -1.026
-1.615 -1.615
-0.264 -0.264
1.026 1.026
1.46 1.46
0.211 0.211
-1.026 -1.026
0.074 0.074
1.628 1.628
1.026 1.026
-0.592 -0.592
-1.125 -1.125
-1.026 -1.026
-1.156 -1.156
-0.565 -0.565
1.026 1.026
1.605 1.605
0.123 0.123
-1.026 -1.026
-0.88 -0.88
-1.374 -1.374
-1.026 -1.026
0.888 0.888
0.291 0.291
-1.026 -1.026
0.54 0.54
0.567 0.567
-1.026 -1.026
0.259 0.259
0.93 0.93
-1.026 -1.026
-1.459 -1.459
-0.741 -0.741
-1.026 -1.026
-1.161 -1.161
-0.929 -0.929
-1.026 -1.026
-1.091 -1.091
-0.959 -0.959
-1.026 -1.026
-1.163 -1.163
-0.71 -0.71
-2.085e-017 -2.085e-017
0.101 0.101
-0.064 -0.064
-1.704e-017 -1.704e-017
0.03 0.03
-0.021 -0.021
-1.017e-017 -1.017e-017
0.008757 0.008757
-0.005607 -0.005607
-0.107 0.213
-0.432 0.226
-0.668 -0.087
0.638 -0.568
0.657 -0.223
0.168 0.388
0.582 0.108
0.638 0.009436
0.65 0.756
0.854 0.706
0.39 -0.25
-0.341 -0.283
-0.602 0.186
0.157 -0.081
1.178 0.26
0.754 1.235
0.056 0.458
0.689 -0.722
1.399 0.034
1.538 0.173
1.383 -0.708
0.905 0.56
0.791 1.393
0.604 -0.84
-0.236 -1.302
-0.356 1.144
-0.016 1.523
-0.626 -0.011
-1.118 -0.441
-0.319 -0.135
0.966 0.009965
1.204 -0.615
0.195 -1.412
-0.287 -0.259
-0.232 1.23
-0.771 0.748
-0.413 0.679
0.337 1.324
-0.719 0.506
-1.198 0.013
-0.11 0.241
-0.351 -0.804
-0.927 -0.917
-0.383 0.522
-0.351 0.418
-0.186 0.153
0.47 1.125
0.183 0.603
0.359 -0.4
1.496 -0.0001341
1.422 -0.591
0.514 -1.55
0.106 -0.777
-0.211 -0.471
-0.69 -0.54
-0.779 0.738
0.242 0.608
1.331 -0.866
0.691 -0.255
-0.559 0.245
-1.208 -0.953
-1.378 -0.43
0.013 0.476
1.311 -1.02
-0.018 -1.313
-0.816 0.419
0.376 0.154
0.25 -1.1
-0.546 -0.666
-0.083 0.024
0.516 0.394
1.068 0.988
1.09 0.763
0.036 -0.053
-0.297 -0.3
-0.025 -0.069
-0.06 0.426
0.487 0.505
0.283 -0.182
-0.954 -0.144
-0.534 0.656
0.267 0.462
-0.364 -0.461
-0.079 -0.792
1.046 -0.025
0.816 1.316
-0.045 1.198
-0.306 -0.214
0.07 0.069
0.416 1.263
0.123 0.413
0.115 -1.163
0.389 -1.134
-0.076 0.172
-0.125 1.161
0.457 0.11
0.23 -1.604
-0.014 -0.924
0.007192 0.348
-0.696 -0.2
-0.746 -0.224
0.367 0.773
0.575 0.475
-0.357 -0.445
-0.867 -0.539
-0.264 -0.00219
0.721 0.466
0.873 -0.308
0.385 -1.022
-0.15 0.51
-1.045 1.417
-1.626 -0.321
-1.06 -1.123
-0.036 -0.393
0.578 -0.609
0.101 -0.713
-0.951 -0.29
-0.803 -0.709
-0.031 -0.615
-0.234 0.333
-0.687 0.55
-0.841 0.96
-0.738 1.463
0.018 0.212
0.23 -0.64
-0.676 0.633
-0.777 0.882
0.32 -0.269
0.959 0
0.32 0.269
-0.777 -0.882
-0.676 -0.633
0.23 0.64
0.018 -0.212
-0.738 -1.463
-0.841 -0.96
-0.687 -0.55
-0.234 -0.333
-0.031 0.615
-0.803 0.709
-0.951 0.29
0.101 0.713
0.578 0.609
-0.036 0.393
-1.06 1.123
-1.626 0.321
-1.045 -1.417
-0.15 -0.51
0.385 1.022
0.873 0.308
0.721 -0.466
-0.264 0.00219
-0.867 0.539
-0.357 0.445
0.575 -0.475
0.367 -0.773
-0.746 0.224
-0.696 0.2
0.007192 -0.348
-0.014 0.924
0.23 1.604
0.457 -0.11
-0.125 -1.161
-0.076 -0.172
0.389 1.134
0.115 1.163
0.123 -0.413
0.416 -1.263
0.07 -0.069
-0.306 0.214
-0.045 -1.198
0.816 -1.316
1.046 0.025
-0.079 0.792
-0.364 0.461
0.267 -0.462
-0.534 -0.656
-0.954 0.144
0.283 0.182
0.487 -0.505
-0.06 -0.426
-0.025 0.069
-0.297 0.3
0.036 0.053
1.09 -0.763
1.068 -0.988
0.516 -0.394
-0.083 -0.024
-0.546 0.666
0.25 1.1
0.376 -0.154
-0.816 -0.419
-0.018 1.313
1.311 1.02
0.013 -0.476
-1.378 0.43
-1.208 0.953
-0.559 -0.245
0.691 0.255
1.331 0.866
0.242 -0.608
-0.779 -0.738
-0.69 0.54
-0.211 0.471
0.106 0.777
0.514 1.55
1.422 0.591
1.496 0.0001341
0.359 0.4
0.183 -0.603
0.47 -1.125
-0.186 -0.153
-0.351 -0.418
-0.383 -0.522
-0.927 0.917
-0.351 0.804
-0.11 -0.241
-1.198 -0.013
-0.719 -0.506
0.337 -1.324
-0.413 -0.679
-0.771 -0.748
-0.232 -1.23
-0.287 0.259
0.195 1.412
1.204 0.615
0.966 -0.009965
-0.319 0.135
-1.118 0.441
-0.626 0.011
-0.016 -1.523
-0.356 -1.144
-0.236 1.302
0.604 0.84
0.791 -1.393
0.905 -0.56
1.383 0.708
1.538 -0.173
1.399 -0.034
0.689 0.722
0.056 -0.458
0.754 -1.235
1.178 -0.26
0.157 0.081
-0.602 -0.186
-0.341 0.283
0.39 0.25
0.854 -0.706
0.65 -0.756
0.638 -0.009436
0.582 -0.108
0.168 -0.388
0.657 0.223
0.638 0.568
-0.668 0.087
-0.432 -0.226
-0.107 -0.213
-1.335 -0.132
-0.329 -0.09
1.514 -0.605
0.731 -1.064
0.698 -0.254
1.313 0.939
-0.31 0.966
-0.931 0.04
0.054 -0.771
0.079 -0.704
0.57 0.183
0.831 0.917
-0.567 0.848
-0.993 0.417
-0.643 0.274
-1.006 0.284
-0.87 -0.095
-0.662 -0.7
-0.315 -1.037
0.558 -0.921
-0.152 -0.258
-0.77 0.116
0.575 -0.526
0.218 -0.663
-0.973 0.163
0.386 -0.069
0.957 -0.745
-0.417 0.161
-0.718 1.367
-0.513 1.549
0.029 1.481
1.261 1.298
0.728 0.759
-0.746 -0.039
-0.543 -0.459
0.054 0.426
0.171 1.052
0.631 0.081
0.929 -0.157
0.4 0.383
-0.613 -0.192
-0.753 -0.068
0.104 0.464
-0.223 -0.799
-1.196 -0.778
-0.53 0.901
0.457 0.123
0.526 -0.549
0.416 1.204
0.238 0.755
0.79 -1.346
1.167 -0.629
-0.593 1.025
-1.271 0.839
0.411 -0.341
-0.114 -1.009
-1.301 -0.329
0.478 0.197
0.799 -0.036
-1.395 0.829
-1.039 0.857
0.446 -0.988
-0.216 -0.397
-0.621 1.099
-0.144 -0.618
-0.554 -1.341
-0.557 0.527
0.373 0.514
0.461 -0.278
0.11 0.081
0.211 -0.525
-0.036 -1.072
-0.192 0.014
0.038 1.035
-0.691 0.968
-0.951 -0.191
0.778 -0.961
1.185 0.217
-0.274 0.926
0.305 0.225
1.425 0.525
0.034 0.837
-0.764 0.269
0.609 0.368
1.113 -0.17
0.225 -1.153
-0.196 -0.3
0.13 0.09
-0.084 -0.875
-1.154 -0.337
-1.05 0.661
0.125 0.666
-0.34 0.559
-1.183 -0.412
-0.383 -1.094
0.019 0.211
-0.315 0.984
-0.196 0.483
-0.122 -0.023
0.73 -1.141
1.3 -1.324
-0.726 -0.23
-1.576 -0.834
0.395 -1.288
0.513 0.102
-0.057 -0.126
1.166 -0.803
0.49 0.274
-0.819 -0.199
0.613 -1.342
0.912 -0.441
-0.351 -0.569
0.45 -1.5
0.649 -0.286
-1.074 0.25
-1.024 -0.927
0.335 -0.564
0.751 0.624
0.589 0.749
-0.213 0.942
-0.906 1.46
-0.206 1.147
0.549 -0.074
0.143 -0.893
-0.685 -0.47
-0.941 -0.03
-0.143 -0.208
0.533 0
-0.143 0.208
-0.941 0.03
-0.685 0.47
0.143 0.893
0.549 0.074
-0.206 -1.147
-0.906 -1.46
-0.213 -0.942
0.589 -0.749
0.751 -0.624
0.335 0.564
-1.024 0.927
-1.074 -0.25
0.649 0.286
0.45 1.5
-0.351 0.569
0.912 0.441
0.613 1.342
-0.819 0.199
0.49 -0.274
1.166 0.803
-0.057 0.126
0.513 -0.102
0.395 1.288
-1.576 0.834
-0.726 0.23
1.3 1.324
0.73 1.141
-0.122 0.023
-0.196 -0.483
-0.315 -0.984
0.019 -0.211
-0.383 1.094
-1.183 0.412
-0.34 -0.559
0.125 -0.666
-1.05 -0.661
-1.154 0.337
-0.084 0.875
0.13 -0.09
-0.196 0.3
0.225 1.153
1.113 0.17
0.609 -0.368
-0.764 -0.269
0.034 -0.837
1.425 -0.525
0.305 -0.225
-0.274 -0.926
1.185 -0.217
0.778 0.961
-0.951 0.191
-0.691 -0.968
0.038 -1.035
-0.192 -0.014
-0.036 1.072
0.211 0.525
0.11 -0.081
0.461 0.278
0.373 -0.514
-0.557 -0.527
-0.554 1.341
-0.144 0.618
-0.621 -1.099
-0.216 0.397
0.446 0.988
-1.039 -0.857
-1.395 -0.829
0.799 0.036
0.478 -0.197
-1.301 0.329
-0.114 1.009
0.411 0.341
-1.271 -0.839
-0.593 -1.025
1.167 0.629
0.79 1.346
0.238 -0.755
0.416 -1.204
0.526 0.549
0.457 -0.123
-0.53 -0.901
-1.196 0.778
-0.223 0.799
0.104 -0.464
-0.753 0.068
-0.613 0.192
0.4 -0.383
0.929 0.157
0.631 -0.081
0.171 -1.052
0.054 -0.426
-0.543 0.459
-0.746 0.039
0.728 -0.759
1.261 -1.298
0.029 -1.481
-0.513 -1.549
-0.718 -1.367
-0.417 -0.161
0.957 0.745
0.386 0.069
-0.973 -0.163
0.218 0.663
0.575 0.526
-0.77 -0.116
-0.152 0.258
0.558 0.921
-0.315 1.037
-0.662 0.7
-0.87 0.095
-1.006 -0.284
-0.643 -0.274
-0.993 -0.417
-0.567 -0.848
0.831 -0.917
0.57 -0.183
0.079 0.704
0.054 0.771
-0.931 -0.04
-0.31 -0.966
1.313 -0.939
0.698 0.254
0.731 1.064
1.514 0.605
-0.329 0.09
-1.335 0.132
-0.107 0.213
-0.432 0.226
-0.668 -0.087
0.638 -0.568
0.657 -0.223
0.168 0.388
0.582 0.108
0.638 0.009436
0.65 0.756
0.854 0.706
0.39 -0.25
-0.341 -0.283
-0.602 0.186
0.157 -0.081
1.178 0.26
0.754 1.235
0.056 0.458
0.689 -0.722
1.399 0.034
1.538 0.173
1.383 -0.708
0.905 0.56
0.791 1.393
0.604 -0.84
-0.236 -1.302
-0.356 1.144
-0.016 1.523
-0.626 -0.011
-1.118 -0.441
-0.319 -0.135
0.966 0.009965
1.204 -0.615
0.195 -1.412
-0.287 -0.259
-0.232 1.23
-0.771 0.748
-0.413 0.679
0.337 1.324
-0.719 0.506
-1.198 0.013
-0.11 0.241
-0.351 -0.804
-0.927 -0.917
-0.383 0.522
-0.351 0.418
-0.186 0.153
0.47 1.125
0.183 0.603
0.359 -0.4
1.496 -0.0001341
1.422 -0.591
0.514 -1.55
0.106 -0.777
-0.211 -0.471
-0.69 -0.54
-0.779 0.738
0.242 0.608
1.331 -0.866
0.691 -0.255
-0.559 0.245
-1.208 -0.953
-1.378 -0.43
0.013 0.476
1.311 -1.02
-0.018 -1.313
-0.816 0.419
0.376 0.154
0.25 -1.1
-0.546 -0.666
-0.083 0.024
0.516 0.394
1.068 0.988
1.09 0.763
0.036 -0.053
-0.297 -0.3
-0.025 -0.069
-0.06 0.426
0.487 0.505
0.283 -0.182
-0.954 -0.144
-0.534 0.656
0.267 0.462
-0.364 -0.461
-0.079 -0.792
1.046 -0.025
0.816 1.316
-0.045 1.198
-0.306 -0.214
0.07 0.069
0.416 1.263
0.123 0.413
0.115 -1.163
0.389 -1.134
-0.076 0.172
-0.125 1.161
0.457 0.11
0.23 -1.604
-0.014 -0.924
0.007192 0.348
-0.696 -0.2
-0.746 -0.224
0.367 0.773
0.575 0.475
-0.357 -0.445
-0.867 -0.539
-0.264 -0.00219
0.721 0.466
0.873 -0.308
0.385 -1.022
-0.15 0.51
-1.045 1.417
-1.626 -0.321
-1.06 -1.123
-0.036 -0.393
0.578 -0.609
0.101 -0.713
-0.951 -0.29
-0.803 -0.709
-0.031 -0.615
-0.234 0.333
-0.687 0.55
-0.841 0.96
-0.738 1.463
0.018 0.212
0.23 -0.64
-0.676 0.633
-0.777 0.882
0.32 -0.269
0.959 0
0.32 0.269
-0.777 -0.882
-0.676 -0.633
0.23 0.64
0.018 -0.212
-0.738 -1.463
-0.841 -0.96
-0.687 -0.55
-0.234 -0.333
-0.031 0.615
-0.803 0.709
-0.951 0.29
0.101 0.713
0.578 0.609
-0.036 0.393
-1.06 1.123
-1.626 0.321
-1.045 -1.417
-0.15 -0.51
0.385 1.022
0.873 0.308
0.721 -0.466
-0.264 0.00219
-0.867 0.539
-0.357 0.445
0.575 -0.475
0.367 -0.773
-0.746 0.224
-0.696 0.2
0.007192 -0.348
-0.014 0.924
0.23 1.604
0.457 -0.11
-0.125 -1.161
-0.076 -0.172
0.389 1.134
0.115 1.163
0.123 -0.413
0.416 -1.263
0.07 -0.069
-0.306 0.214
-0.045 -1.198
0.816 -1.316
1.046 0.025
-0.079 0.792
-0.364 0.461
0.267 -0.462
-0.534 -0.656
-0.954 0.144
0.283 0.182
0.487 -0.505
-0.06 -0.426
-0.025 0.069
-0.297 0.3
0.036 0.053
1.09 -0.763
1.068 -0.988
0.516 -0.394
-0.083 -0.024
-0.546 0.666
0.25 1.1
0.376 -0.154
-0.816 -0.419
-0.018 1.313
1.311 1.02
0.013 -0.476
-1.378 0.43
-1.208 0.953
-0.559 -0.245
0.691 0.255
1.331 0.866
0.242 -0.608
-0.779 -0.738
-0.69 0.54
-0.211 0.471
0.106 0.777
0.514 1.55
1.422 0.591
1.496 0.0001341
0.359 0.4
0.183 -0.603
0.47 -1.125
-0.186 -0.153
-0.351 -0.418
-0.383 -0.522
-0.927 0.917
-0.351 0.804
-0.11 -0.241
-1.198 -0.013
-0.719 -0.506
0.337 -1.324
-0.413 -0.679
-0.771 -0.748
-0.232 -1.23
-0.287 0.259
0.195 1.412
1.204 0.615
0.966 -0.009965
-0.319 0.135
-1.118 0.441
-0.626 0.011
-0.016 -1.523
-0.356 -1.144
-0.236 1.302
0.604 0.84
0.791 -1.393
0.905 -0.56
1.383 0.708
1.538 -0.173
1.399 -0.034
0.689 0.722
0.056 -0.458
0.754 -1.235
1.178 -0.26
0.157 0.081
-0.602 -0.186
-0.341 0.283
0.39 0.25
0.854 -0.706
0.65 -0.756
0.638 -0.009436
0.582 -0.108
0.168 -0.388
0.657 0.223
0.638 0.568
-0.668 0.087
-0.432 -0.226
-0.107 -0.213
-1.335 -0.132
-0.329 -0.09
1.514 -0.605
0.731 -1.064
0.698 -0.254
1.313 0.939
-0.31 0.966
-0.931 0.04
0.054 -0.771
0.079 -0.704
0.57 0.183
0.831 0.917
-0.567 0.848
-0.993 0.417
-0.643 0.274
-1.006 0.284
-0.87 -0.095
-0.662 -0.7
-0.315 -1.037
0.558 -0.921
-0.152 -0.258
-0.77 0.116
0.575 -0.526
0.218 -0.663
-0.973 0.163
0.386 -0.069
0.957 -0.745
-0.417 0.161
-0.718 1.367
-0.513 1.549
0.029 1.481
1.261 1.298
0.728 0.759
-0.746 -0.039
-0.543 -0.459
0.054 0.426
0.171 1.052
0.631 0.081
0.929 -0.157
0.4 0.383
-0.613 -0.192
-0.753 -0.068
0.104 0.464
-0.223 -0.799
-1.196 -0.778
-0.53 0.901
0.457 0.123
0.526 -0.549
0.416 1.204
0.238 0.755
0.79 -1.346
1.167 -0.629
-0.593 1.025
-1.271 0.839
0.411 -0.341
-0.114 -1.009
-1.301 -0.329
0.478 0.197
0.799 -0.036
-1.395 0.829
-1.039 0.857
0.446 -0.988
-0.216 -0.397
-0.621 1.099
-0.144 -0.618
-0.554 -1.341
-0.557 0.527
0.373 0.514
0.461 -0.278
0.11 0.081
0.211 -0.525
-0.036 -1.072
-0.192 0.014
0.038 1.035
-0.691 0.968
-0.951 -0.191
0.778 -0.961
1.185 0.217
-0.274 0.926
0.305 0.225
1.425 0.525
0.034 0.837
-0.764 0.269
0.609 0.368
1.113 -0.17
0.225 -1.153
-0.196 -0.3
0.13 0.09
-0.084 -0.875
-1.154 -0.337
-1.05 0.661
0.125 0.666
-0.34 0.559
-1.183 -0.412
-0.383 -1.094
0.019 0.211
-0.315 0.984
-0.196 0.483
-0.122 -0.023
0.73 -1.141
1.3 -1.324
-0.726 -0.23
-1.576 -0.834
0.395 -1.288
0.513 0.102
-0.057 -0.126
1.166 -0.803
0.49 0.274
-0.819 -0.199
0.613 -1.342
0.912 -0.441
-0.351 -0.569
0.45 -1.5
0.649 -0.286
-1.074 0.25
-1.024 -0.927
0.335 -0.564
0.751 0.624
0.589 0.749
-0.213 0.942
-0.906 1.46
-0.206 1.147
0.549 -0.074
0.143 -0.893
-0.685 -0.47
-0.941 -0.03
-0.143 -0.208
0.533 0
-0.143 0.208
-0.941 0.03
-0.685 0.47
0.143 0.893
0.549 0.074
-0.206 -1.147
-0.906 -1.46
-0.213 -0.942
0.589 -0.749
0.751 -0.624
0.335 0.564
-1.024 0.927
-1.074 -0.25
0.649 0.286
0.45 1.5
-0.351 0.569
0.912 0.441
0.613 1.342
-0.819 0.199
0.49 -0.274
1.166 0.803
-0.057 0.126
0.513 -0.102
0.395 1.288
-1.576 0.834
-0.726 0.23
1.3 1.324
0.73 1.141
-0.122 0.023
-0.196 -0.483
-0.315 -0.984
0.019 -0.211
-0.383 1.094
-1.183 0.412
-0.34 -0.559
0.125 -0.666
-1.05 -0.661
-1.154 0.337
-0.084 0.875
0.13 -0.09
-0.196 0.3
0.225 1.153
1.113 0.17
0.609 -0.368
-0.764 -0.269
0.034 -0.837
1.425 -0.525
0.305 -0.225
-0.274 -0.926
1.185 -0.217
0.778 0.961
-0.951 0.191
-0.691 -0.968
0.038 -1.035
-0.192 -0.014
-0.036 1.072
0.211 0.525
0.11 -0.081
0.461 0.278
0.373 -0.514
-0.557 -0.527
-0.554 1.341
-0.144 0.618
-0.621 -1.099
-0.216 0.397
0.446 0.988
-1.039 -0.857
-1.395 -0.829
0.799 0.036
0.478 -0.197
-1.301 0.329
-0.114 1.009
0.411 0.341
-1.271 -0.839
-0.593 -1.025
1.167 0.629
0.79 1.346
0.238 -0.755
0.416 -1.204
0.526 0.549
0.457 -0.123
-0.53 -0.901
-1.196 0.778
-0.223 0.799
0.104 -0.464
-0.753 0.068
-0.613 0.192
0.4 -0.383
0.929 0.157
0.631 -0.081
0.171 -1.052
0.054 -0.426
-0.543 0.459
-0.746 0.039
0.728 -0.759
1.261 -1.298
0.029 -1.481
-0.513 -1.549
-0.718 -1.367
-0.417 -0.161
0.957 0.745
0.386 0.069
-0.973 -0.163
0.218 0.663
0.575 0.526
-0.77 -0.116
-0.152 0.258
0.558 0.921
-0.315 1.037
-0.662 0.7
-0.87 0.095
-1.006 -0.284
-0.643 -0.274
-0.993 -0.417
-0.567 -0.848
0.831 -0.917
0.57 -0.183
0.079 0.704
0.054 0.771
-0.931 -0.04
-0.31 -0.966
1.313 -0.939
0.698 0.254
0.731 1.064
1.514 0.605
-0.329 0.09
-1.335 0.132
-0.107 0.213
-0.432 0.226
-0.668 -0.087
0.638 -0.568
0.657 -0.223
0.168 0.388
0.582 0.108
0.638 0.009436
0.65 0.756
0.854 0.706
0.39 -0.25
-0.341 -0.283
-0.602 0.186
0.157 -0.081
1.178 0.26
0.754 1.235
0.056 0.458
0.689 -0.722
1.399 0.034
1.538 0.173
1.383 -0.708
0.905 0.56
0.791 1.393
0.604 -0.84
-0.236 -1.302
-0.356 1.144
-0.016 1.523
-0.626 -0.011
-1.118 -0.441
-0.319 -0.135
0.966 0.009965
1.204 -0.615
0.195 -1.412
-0.287 -0.259
-0.232 1.23
-0.771 0.748
-0.413 0.679
0.337 1.324
-0.719 0.506
-1.198 0.013
-0.11 0.241
-0.351 -0.804
-0.927 -0.917
-0.383 0.522
-0.351 0.418
-0.186 0.153
0.47 1.125
0.183 0.603
0.359 -0.4
1.496 -0.0001341
1.422 -0.591
0.514 -1.55
0.106 -0.777
-0.211 -0.471
-0.69 -0.54
-0.779 0.738
0.242 0.608
1.331 -0.866
0.691 -0.255
-0.559 0.245
-1.208 -0.953
-1.378 -0.43
0.013 0.476
1.311 -1.02
-0.018 -1.313
-0.816 0.419
0.376 0.154
0.25 -1.1
-0.546 -0.666
-0.083 0.024
0.516 0.394
1.068 0.988
1.09 0.763
0.036 -0.053
-0.297 -0.3
-0.025 -0.069
-0.06 0.426
0.487 0.505
0.283 -0.182
-0.954 -0.144
-0.534 0.656
0.267 0.462
-0.364 -0.461
-0.079 -0.792
1.046 -0.025
0.816 1.316
-0.045 1.198
-0.306 -0.214
0.07 0.069
0.416 1.263
0.123 0.413
0.115 -1.163
0.389 -1.134
-0.076 0.172
-0.125 1.161
0.457 0.11
0.23 -1.604
-0.014 -0.924
0.007192 0.348
-0.696 -0.2
-0.746 -0.224
0.367 0.773
0.575 0.475
-0.357 -0.445
-0.867 -0.539
-0.264 -0.00219
0.721 0.466
0.873 -0.308
0.385 -1.022
-0.15 0.51
-1.045 1.417
-1.626 -0.321
-1.06 -1.123
-0.036 -0.393
0.578 -0.609
0.101 -0.713
-0.951 -0.29
-0.803 -0.709
-0.031 -0.615
-0.234 0.333
-0.687 0.55
-0.841 0.96
-0.738 1.463
0.018 0.212
0.23 -0.64
-0.676 0.633
-0.777 0.882
0.32 -0.269
0.107 -0.213
0.432 -0.226
0.668 0.087
-0.638 0.568
-0.657 0.223
-0.168 -0.388
-0.582 -0.108
-0.638 -0.009436
-0.65 -0.756
-0.854 -0.706
-0.39 0.25
0.341 0.283
0.602 -0.186
-0.157 0.081
-1.178 -0.26
-0.754 -1.235
-0.056 -0.458
-0.689 0.722
-1.399 -0.034
-1.538 -0.173
-1.383 0.708
-0.905 -0.56
-0.791 -1.393
-0.604 0.84
0.236 1.302
0.356 -1.144
0.016 -1.523
0.626 0.011
1.118 0.441
0.319 0.135
-0.966 -0.009965
-1.204 0.615
-0.195 1.412
0.287 0.259
0.232 -1.23
0.771 -0.748
0.413 -0.679
-0.337 -1.324
0.719 -0.506
1.198 -0.013
0.11 -0.241
0.351 0.804
0.927 0.917
0.383 -0.522
0.351 -0.418
0.186 -0.153
-0.47 -1.125
-0.183 -0.603
-0.359 0.4
-1.496 0.0001341
-1.422 0.591
-0.514 1.55
-0.106 0.777
0.211 0.471
0.69 0.54
0.779 -0.738
-0.242 -0.608
-1.331 0.866
-0.691 0.255
0.559 -0.245
1.208 0.953
1.378 0.43
-0.013 -0.476
-1.311 1.02
0.018 1.313
0.816 -0.419
-0.376 -0.154
-0.25 1.1
0.546 0.666
0.083 -0.024
-0.516 -0.394
-1.068 -0.988
-1.09 -0.763
-0.036 0.053
0.297 0.3
0.025 0.069
0.06 -0.426
-0.487 -0.505
-0.283 0.182
0.954 0.144
0.534 -0.656
-0.267 -0.462
0.364 0.461
0.079 0.792
-1.046 0.025
-0.816 -1.316
0.045 -1.198
0.306 0.214
-0.07 -0.069
-0.416 -1.263
-0.123 -0.413
-0.115 1.163
-0.389 1.134
0.076 -0.172
0.125 -1.161
-0.457 -0.11
-0.23 1.604
0.014 0.924
-0.007192 -0.348
0.696 0.2
0.746 0.224
-0.367 -0.773
-0.575 -0.475
0.357 0.445
0.867 0.539
0.264 0.00219
-0.721 -0.466
-0.873 0.308
-0.385 1.022
0.15 -0.51
1.045 -1.417
1.626 0.321
1.06 1.123
0.036 0.393
-0.578 0.609
-0.101 0.713
0.951 0.29
0.803 0.709
0.031 0.615
0.234 -0.333
0.687 -0.55
0.841 -0.96
0.738 -1.463
-0.018 -0.212
-0.23 0.64
0.676 -0.633
0.777 -0.882
-0.32 0.269
-0.959 0
-0.32 -0.269
0.777 0.882
0.676 0.633
-0.23 -0.64
-0.018 0.212
0.738 1.463
0.841 0.96
0.687 0.55
0.234 0.333
0.031 -0.615
0.803 -0.709
0.951 -0.29
-0.101 -0.713
-0.578 -0.609
0.036 -0.393
1.06 -1.123
1.626 -0.321
1.045 1.417
0.15 0.51
-0.385 -1.022
-0.873 -0.308
-0.721 0.466
0.264 -0.00219
0.867 -0.539
0.357 -0.445
-0.575 0.475
-0.367 0.773
0.746 -0.224
0.696 -0.2
-0.007192 0.348
0.014 -0.924
-0.23 -1.604
-0.457 0.11
0.125 1.161
0.076 0.172
-0.389 -1.134
-0.115 -1.163
-0.123 0.413
-0.416 1.263
-0.07 0.069
0.306 -0.214
0.045 1.198
-0.816 1.316
-1.046 -0.025
0.079 -0.792
0.364 -0.461
-0.267 0.462
0.534 0.656
0.954 -0.144
-0.283 -0.182
-0.487 0.505
0.06 0.426
0.025 -0.069
0.297 -0.3
-0.036 -0.053
-1.09 0.763
-1.068 0.988
-0.516 0.394
0.083 0.024
0.546 -0.666
-0.25 -1.1
-0.376 0.154
0.816 0.419
0.018 -1.313
-1.311 -1.02
-0.013 0.476
1.378 -0.43
1.208 -0.953
0.559 0.245
-0.691 -0.255
-1.331 -0.866
-0.242 0.608
0.779 0.738
0.69 -0.54
0.211 -0.471
-0.106 -0.777
-0.514 -1.55
-1.422 -0.591
-1.496 -0.0001341
-0.359 -0.4
-0.183 0.603
-0.47 1.125
0.186 0.153
0.351 0.418
0.383 0.522
0.927 -0.917
0.351 -0.804
0.11 0.241
1.198 0.013
0.719 0.506
-0.337 1.324
0.413 0.679
0.771 0.748
0.232 1.23
0.287 -0.259
-0.195 -1.412
-1.204 -0.615
-0.966 0.009965
0.319 -0.135
1.118 -0.441
0.626 -0.011
0.016 1.523
0.356 1.144
0.236 -1.302
-0.604 -0.84
-0.791 1.393
-0.905 0.56
-1.383 -0.708
-1.538 0.173
-1.399 0.034
-0.689 -0.722
-0.056 0.458
-0.754 1.235
-1.178 0.26
-0.157 -0.081
0.602 0.186
0.341 -0.283
-0.39 -0.25
-0.854 0.706
-0.65 0.756
-0.638 0.009436
-0.582 0.108
-0.168 0.388
-0.657 -0.223
-0.638 -0.568
0.668 -0.087
0.432 0.226
0.107 0.213
1.335 0.132
0.329 0.09
-1.514 0.605
-0.731 1.064
-0.698 0.254
-1.313 -0.939
0.31 -0.966
0.931 -0.04
-0.054 0.771
-0.079 0.704
-0.57 -0.183
-0.831 -0.917
0.567 -0.848
0.993 -0.417
0.643 -0.274
1.006 -0.284
0.87 0.095
0.662 0.7
0.315 1.037
-0.558 0.921
0.152 0.258
0.77 -0.116
-0.575 0.526
-0.218 0.663
0.973 -0.163
-0.386 0.069
-0.957 0.745
0.417 -0.161
0.718 -1.367
0.513 -1.549
-0.029 -1.481
-1.261 -1.298
-0.728 -0.759
0.746 0.039
0.543 0.459
-0.054 -0.426
-0.171 -1.052
-0.631 -0.081
-0.929 0.157
-0.4 -0.383
0.613 0.192
0.753 0.068
-0.104 -0.464
0.223 0.799
1.196 0.778
0.53 -0.901
-0.457 -0.123
-0.526 0.549
-0.416 -1.204
-0.238 -0.755
-0.79 1.346
-1.167 0.629
0.593 -1.025
1.271 -0.839
-0.411 0.341
0.114 1.009
1.301 0.329
-0.478 -0.197
-0.799 0.036
1.395 -0.829
1.039 -0.857
-0.446 0.988
0.216 0.397
0.621 -1.099
0.144 0.618
0.554 1.341
0.557 -0.527
-0.373 -0.514
-0.461 0.278
-0.11 -0.081
-0.211 0.525
0.036 1.072
0.192 -0.014
-0.038 -1.035
0.691 -0.968
0.951 0.191
-0.778 0.961
-1.185 -0.217
0.274 -0.926
-0.305 -0.225
-1.425 -0.525
-0.034 -0.837
0.764 -0.269
-0.609 -0.368
-1.113 0.17
-0.225 1.153
0.196 0.3
-0.13 -0.09
0.084 0.875
1.154 0.337
1.05 -0.661
-0.125 -0.666
0.34 -0.559
1.183 0.412
0.383 1.094
-0.019 -0.211
0.315 -0.984
0.196 -0.483
0.122 0.023
-0.73 1.141
-1.3 1.324
0.726 0.23
1.576 0.834
-0.395 1.288
-0.513 -0.102
0.057 0.126
-1.166 0.803
-0.49 -0.274
0.819 0.199
-0.613 1.342
-0.912 0.441
0.351 0.569
-0.45 1.5
-0.649 0.286
1.074 -0.25
1.024 0.927
-0.335 0.564
-0.751 -0.624
-0.589 -0.749
0.213 -0.942
0.906 -1.46
0.206 -1.147
-0.549 0.074
-0.143 0.893
0.685 0.47
0.941 0.03
0.143 0.208
-0.533 0
0.143 -0.208
0.941 -0.03
0.685 -0.47
-0.143 -0.893
-0.549 -0.074
0.206 1.147
0.906 1.46
0.213 0.942
-0.589 0.749
-0.751 0.624
-0.335 -0.564
1.024 -0.927
1.074 0.25
-0.649 -0.286
-0.45 -1.5
0.351 -0.569
-0.912 -0.441
-0.613 -1.342
0.819 -0.199
-0.49 0.274
-1.166 -0.803
0.057 -0.126
-0.513 0.102
-0.395 -1.288
1.576 -0.834
0.726 -0.23
-1.3 -1.324
-0.73 -1.141
0.122 -0.023
0.196 0.483
0.315 0.984
-0.019 0.211
0.383 -1.094
1.183 -0.412
0.34 0.559
-0.125 0.666
1.05 0.661
1.154 -0.337
0.084 -0.875
-0.13 0.09
0.196 -0.3
-0.225 -1.153
-1.113 -0.17
-0.609 0.368
0.764 0.269
-0.034 0.837
-1.425 0.525
-0.305 0.225
0.274 0.926
-1.185 0.217
-0.778 -0.961
0.951 -0.191
0.691 0.968
-0.038 1.035
0.192 0.014
0.036 -1.072
-0.211 -0.525
-0.11 0.081
-0.461 -0.278
-0.373 0.514
0.557 0.527
0.554 -1.341
0.144 -0.618
0.621 1.099
0.216 -0.397
-0.446 -0.988
1.039 0.857
1.395 0.829
-0.799 -0.036
-0.478 0.197
1.301 -0.329
0.114 -1.009
-0.411 -0.341
1.271 0.839
0.593 1.025
-1.167 -0.629
-0.79 -1.346
-0.238 0.755
-0.416 1.204
-0.526 -0.549
-0.457 0.123
0.53 0.901
1.196 -0.778
0.223 -0.799
-0.104 0.464
0.753 -0.068
0.613 -0.192
-0.4 0.383
-0.929 -0.157
-0.631 0.081
-0.171 1.052
-0.054 0.426
0.543 -0.459
0.746 -0.039
-0.728 0.759
-1.261 1.298
-0.029 1.481
0.513 1.549
0.718 1.367
0.417 0.161
-0.957 -0.745
-0.386 -0.069
0.973 0.163
-0.218 -0.663
-0.575 -0.526
0.77 0.116
0.152 -0.258
-0.558 -0.921
0.315 -1.037
0.662 -0.7
0.87 -0.095
1.006 0.284
0.643 0.274
0.993 0.417
0.567 0.848
-0.831 0.917
-0.57 0.183
-0.079 -0.704
-0.054 -0.771
0.931 0.04
0.31 0.966
-1.313 0.939
-0.698 -0.254
-0.731 -1.064
-1.514 -0.605
0.329 -0.09
1.335 -0.132
0.107 -0.213
0.432 -0.226
0.668 0.087
-0.638 0.568
-0.657 0.223
-0.168 -0.388
-0.582 -0.108
-0.638 -0.009436
-0.65 -0.756
-0.854 -0.706
-0.39 0.25
0.341 0.283
0.602 -0.186
-0.157 0.081
-1.178 -0.26
-0.754 -1.235
-0.056 -0.458
-0.689 0.722
-1.399 -0.034
-1.538 -0.173
-1.383 0.708
-0.905 -0.56
-0.791 -1.393
-0.604 0.84
0.236 1.302
0.356 -1.144
0.016 -1.523
0.626 0.011
1.118 0.441
0.319 0.135
-0.966 -0.009965
-1.204 0.615
-0.195 1.412
0.287 0.259
0.232 -1.23
0.771 -0.748
0.413 -0.679
-0.337 -1.324
0.719 -0.506
1.198 -0.013
0.11 -0.241
0.351 0.804
0.927 0.917
0.383 -0.522
0.351 -0.418
0.186 -0.153
-0.47 -1.125
-0.183 -0.603
-0.359 0.4
-1.496 0.0001341
-1.422 0.591
-0.514 1.55
-0.106 0.777
0.211 0.471
0.69 0.54
0.779 -0.738
-0.242 -0.608
-1.331 0.866
-0.691 0.255
0.559 -0.245
1.208 0.953
1.378 0.43
-0.013 -0.476
-1.311 1.02
0.018 1.313
0.816 -0.419
-0.376 -0.154
-0.25 1.1
0.546 0.666
0.083 -0.024
-0.516 -0.394
-1.068 -0.988
-1.09 -0.763
-0.036 0.053
0.297 0.3
0.025 0.069
0.06 -0.426
-0.487 -0.505
-0.283 0.182
0.954 0.144
0.534 -0.656
-0.267 -0.462
0.364 0.461
0.079 0.792
-1.046 0.025
-0.816 -1.316
0.045 -1.198
0.306 0.214
-0.07 -0.069
-0.416 -1.263
-0.123 -0.413
-0.115 1.163
-0.389 1.134
0.076 -0.172
0.125 -1.161
-0.457 -0.11
-0.23 1.604
0.014 0.924
-0.007192 -0.348
0.696 0.2
0.746 0.224
-0.367 -0.773
-0.575 -0.475
0.357 0.445
0.867 0.539
0.264 0.00219
-0.721 -0.466
-0.873 0.308
-0.385 1.022
0.15 -0.51
1.045 -1.417
1.626 0.321
1.06 1.123
0.036 0.393
-0.578 0.609
-0.101 0.713
0.951 0.29
0.803 0.709
0.031 0.615
0.234 -0.333
0.687 -0.55
0.841 -0.96
0.738 -1.463
-0.018 -0.212
-0.23 0.64
0.676 -0.633
0.777 -0.882
-0.32 0.269
-0.959 0
-0.32 -0.269
0.777 0.882
0.676 0.633
-0.23 -0.64
-0.018 0.212
0.738 1.463
0.841 0.96
0.687 0.55
0.234 0.333
0.031 -0.615
0.803 -0.709
0.951 -0.29
-0.101 -0.713
-0.578 -0.609
0.036 -0.393
1.06 -1.123
1.626 -0.321
1.045 1.417
0.15 0.51
-0.385 -1.022
-0.873 -0.308
-0.721 0.466
0.264 -0.00219
0.867 -0.539
0.357 -0.445
-0.575 0.475
-0.367 0.773
0.746 -0.224
0.696 -0.2
-0.007192 0.348
0.014 -0.924
-0.23 -1.604
-0.457 0.11
0.125 1.161
0.076 0.172
-0.389 -1.134
-0.115 -1.163
-0.123 0.413
-0.416 1.263
-0.07 0.069
0.306 -0.214
0.045 1.198
-0.816 1.316
-1.046 -0.025
0.079 -0.792
0.364 -0.461
-0.267 0.462
0.534 0.656
0.954 -0.144
-0.283 -0.182
-0.487 0.505
0.06 0.426
0.025 -0.069
0.297 -0.3
-0.036 -0.053
-1.09 0.763
-1.068 0.988
-0.516 0.394
0.083 0.024
0.546 -0.666
-0.25 -1.1
-0.376 0.154
0.816 0.419
0.018 -1.313
-1.311 -1.02
-0.013 0.476
1.378 -0.43
1.208 -0.953
0.559 0.245
-0.691 -0.255
-1.331 -0.866
-0.242 0.608
0.779 0.738
0.69 -0.54
0.211 -0.471
-0.106 -0.777
-0.514 -1.55
-1.422 -0.591
-1.496 -0.0001341
-0.359 -0.4
-0.183 0.603
-0.47 1.125
0.186 0.153
0.351 0.418
0.383 0.522
0.927 -0.917
0.351 -0.804
0.11 0.241
1.198 0.013
0.719 0.506
-0.337 1.324
0.413 0.679
0.771 0.748
0.232 1.23
0.287 -0.259
-0.195 -1.412
-1.204 -0.615
-0.966 0.009965
0.319 -0.135
1.118 -0.441
0.626 -0.011
0.016 1.523
0.356 1.144
0.236 -1.302
-0.604 -0.84
-0.791 1.393
-0.905 0.56
-1.383 -0.708
-1.538 0.173
-1.399 0.034
-0.689 -0.722
-0.056 0.458
-0.754 1.235
-1.178 0.26
-0.157 -0.081
0.602 0.186
0.341 -0.283
-0.39 -0.25
-0.854 0.706
-0.65 0.756
-0.638 0.009436
-0.582 0.108
-0.168 0.388
-0.657 -0.223
-0.638 -0.568
0.668 -0.087
0.432 0.226
0.107 0.213
1.335 0.132
0.329 0.09
-1.514 0.605
-0.731 1.064
-0.698 0.254
-1.313 -0.939
0.31 -0.966
0.931 -0.04
-0.054 0.771
-0.079 0.704
-0.57 -0.183
-0.831 -0.917
0.567 -0.848
0.993 -0.417
0.643 -0.274
1.006 -0.284
0.87 0.095
0.662 0.7
0.315 1.037
-0.558 0.921
0.152 0.258
0.77 -0.116
-0.575 0.526
-0.218 0.663
0.973 -0.163
-0.386 0.069
-0.957 0.745
0.417 -0.161
0.718 -1.367
0.513 -1.549
-0.029 -1.481
-1.261 -1.298
-0.728 -0.759
0.746 0.039
0.543 0.459
-0.054 -0.426
-0.171 -1.052
-0.631 -0.081
-0.929 0.157
-0.4 -0.383
0.613 0.192
0.753 0.068
-0.104 -0.464
0.223 0.799
1.196 0.778
0.53 -0.901
-0.457 -0.123
-0.526 0.549
-0.416 -1.204
-0.238 -0.755
-0.79 1.346
-1.167 0.629
0.593 -1.025
1.271 -0.839
-0.411 0.341
0.114 1.009
1.301 0.329
-0.478 -0.197
-0.799 0.036
1.395 -0.829
1.039 -0.857
-0.446 0.988
0.216 0.397
0.621 -1.099
0.144 0.618
0.554 1.341
0.557 -0.527
-0.373 -0.514
-0.461 0.278
-0.11 -0.081
-0.211 0.525
0.036 1.072
0.192 -0.014
-0.038 -1.035
0.691 -0.968
0.951 0.191
-0.778 0.961
-1.185 -0.217
0.274 -0.926
-0.305 -0.225
-1.425 -0.525
-0.034 -0.837
0.764 -0.269
-0.609 -0.368
-1.113 0.17
-0.225 1.153
0.196 0.3
-0.13 -0.09
0.084 0.875
1.154 0.337
1.05 -0.661
-0.125 -0.666
0.34 -0.559
1.183 0.412
0.383 1.094
-0.019 -0.211
0.315 -0.984
0.196 -0.483
0.122 0.023
-0.73 1.141
-1.3 1.324
0.726 0.23
1.576 0.834
-0.395 1.288
-0.513 -0.102
0.057 0.126
-1.166 0.803
-0.49 -0.274
0.819 0.199
-0.613 1.342
-0.912 0.441
0.351 0.569
-0.45 1.5
-0.649 0.286
1.074 -0.25
1.024 0.927
-0.335 0.564
-0.751 -0.624
-0.589 -0.749
0.213 -0.942
0.906 -1.46
0.206 -1.147
-0.549 0.074
-0.143 0.893
0.685 0.47
0.941 0.03
0.143 0.208
-0.533 0
0.143 -0.208
0.941 -0.03
0.685 -0.47
-0.143 -0.893
-0.549 -0.074
0.206 1.147
0.906 1.46
0.213 0.942
-0.589 0.749
-0.751 0.624
-0.335 -0.564
1.024 -0.927
1.074 0.25
-0.649 -0.286
-0.45 -1.5
0.351 -0.569
-0.912 -0.441
-0.613 -1.342
0.819 -0.199
-0.49 0.274
-1.166 -0.803
0.057 -0.126
-0.513 0.102
-0.395 -1.288
1.576 -0.834
0.726 -0.23
-1.3 -1.324
-0.73 -1.141
0.122 -0.023
0.196 0.483
0.315 0.984
-0.019 0.211
0.383 -1.094
1.183 -0.412
0.34 0.559
-0.125 0.666
1.05 0.661
1.154 -0.337
0.084 -0.875
-0.13 0.09
0.196 -0.3
-0.225 -1.153
-1.113 -0.17
-0.609 0.368
0.764 0.269
-0.034 0.837
-1.425 0.525
-0.305 0.225
0.274 0.926
-1.185 0.217
-0.778 -0.961
0.951 -0.191
0.691 0.968
-0.038 1.035
0.192 0.014
0.036 -1.072
-0.211 -0.525
-0.11 0.081
-0.461 -0.278
-0.373 0.514
0.557 0.527
0.554 -1.341
0.144 -0.618
0.621 1.099
0.216 -0.397
-0.446 -0.988
1.039 0.857
1.395 0.829
-0.799 -0.036
-0.478 0.197
1.301 -0.329
0.114 -1.009
-0.411 -0.341
1.271 0.839
0.593 1.025
-1.167 -0.629
-0.79 -1.346
-0.238 0.755
-0.416 1.204
-0.526 -0.549
-0.457 0.123
0.53 0.901
1.196 -0.778
0.223 -0.799
-0.104 0.464
0.753 -0.068
0.613 -0.192
-0.4 0.383
-0.929 -0.157
-0.631 0.081
-0.171 1.052
-0.054 0.426
0.543 -0.459
0.746 -0.039
-0.728 0.759
-1.261 1.298
-0.029 1.481
0.513 1.549
0.718 1.367
0.417 0.161
-0.957 -0.745
-0.386 -0.069
0.973 0.163
-0.218 -0.663
-0.575 -0.526
0.77 0.116
0.152 -0.258
-0.558 -0.921
0.315 -1.037
0.662 -0.7
0.87 -0.095
1.006 0.284
0.643 0.274
0.993 0.417
0.567 0.848
-0.831 0.917
-0.57 0.183
-0.079 -0.704
-0.054 -0.771
0.931 0.04
0.31 0.966
-1.313 0.939
-0.698 -0.254
-0.731 -1.064
-1.514 -0.605
0.329 -0.09
1.335 -0.132
0.107 -0.213
0.432 -0.226
0.668 0.087
-0.638 0.568
-0.657 0.223
-0.168 -0.388
-0.582 -0.108
-0.638 -0.009436
-0.65 -0.756
-0.854 -0.706
-0.39 0.25
0.341 0.283
0.602 -0.186
-0.157 0.081
-1.178 -0.26
-0.754 -1.235
-0.056 -0.458
-0.689 0.722
-1.399 -0.034
-1.538 -0.173
-1.383 0.708
-0.905 -0.56
-0.791 -1.393
-0.604 0.84
0.236 1.302
0.356 -1.144
0.016 -1.523
0.626 0.011
1.118 0.441
0.319 0.135
-0.966 -0.009965
-1.204 0.615
-0.195 1.412
0.287 0.259
0.232 -1.23
0.771 -0.748
0.413 -0.679
-0.337 -1.324
0.719 -0.506
1.198 -0.013
0.11 -0.241
0.351 0.804
0.927 0.917
0.383 -0.522
0.351 -0.418
0.186 -0.153
-0.47 -1.125
-0.183 -0.603
-0.359 0.4
-1.496 0.0001341
-1.422 0.591
-0.514 1.55
-0.106 0.777
0.211 0.471
0.69 0.54
0.779 -0.738
-0.242 -0.608
-1.331 0.866
-0.691 0.255
0.559 -0.245
1.208 0.953
1.378 0.43
-0.013 -0.476
-1.311 1.02
0.018 1.313
0.816 -0.419
-0.376 -0.154
-0.25 1.1
0.546 0.666
0.083 -0.024
-0.516 -0.394
-1.068 -0.988
-1.09 -0.763
-0.036 0.053
0.297 0.3
0.025 0.069
0.06 -0.426
-0.487 -0.505
-0.283 0.182
0.954 0.144
0.534 -0.656
-0.267 -0.462
0.364 0.461
0.079 0.792
-1.046 0.025
-0.816 -1.316
0.045 -1.198
0.306 0.214
-0.07 -0.069
-0.416 -1.263
-0.123 -0.413
-0.115 1.163
-0.389 1.134
0.076 -0.172
0.125 -1.161
-0.457 -0.11
-0.23 1.604
0.014 0.924
-0.007192 -0.348
0.696 0.2
0.746 0.224
-0.367 -0.773
-0.575 -0.475
0.357 0.445
0.867 0.539
0.264 0.00219
-0.721 -0.466
-0.873 0.308
-0.385 1.022
0.15 -0.51
1.045 -1.417
1.626 0.321
1.06 1.123
0.036 0.393
-0.578 0.609
-0.101 0.713
0.951 0.29
0.803 0.709
0.031 0.615
0.234 -0.333
0.687 -0.55
0.841 -0.96
0.738 -1.463
-0.018 -0.212
-0.23 0.64
0.676 -0.633
0.777 -0.882
-0.32 0.269