(-0.542893,-0.25)
(-0.258565,0.0800719)
(0.728799,0.468283)
(-0.0461977,-0.413008)
(-0.292406,-0.123037)
(-0.0882662,-0.397193)
(0.165853,0.600698)
(0.125557,-0.0917193)
(-0.105487,0.545568)
(0.105498,-0.770681)
(-0.809181,0.408493)
(1.39016,-1.01925)
(-0.724255,1.01365)
(-0.12047,0.120059)
(-0.295117,-0.10097)
(0.820801,-0.209249)
(-0.118225,-0.264311)
(-0.795562,-0.064998)
(0.97627,0.795389)
(-0.628229,-0.724226)
(-0.00900876,0.46021)
(-0.0927484,-0.147779)
(1.31482,-0.313151)
(-1.75653,0.726833)
(0.913503,-1.08635)
(-0.305389,0.579596)
(-0.326088,0.659507)
(1.16129,-1.00285)
(-0.635232,0.515117)
(-0.555555,-0.0765958)
(0.397082,-0.206073)
(0.320914,-0.227244)
(-0.214829,0.899902)
(-0.20894,-0.512095)
(0.302193,-0.0818523)
(-0.165619,-0.0728037)
(0.0434637,0.148359)
(0.0479264,-0.0214443)
(-0.138249,0.156542)
(0.00322049,-0.217106)
(0.095585,0.0987801)
(0.172552,-0.0738371)
(-0.0998022,0.0830734)
(-0.281604,0.0141661)
(0.0549484,-0.11135)
(0.085688,0.0673825)
(0.319086,-0.0946072)
(0.017668,0.0938829)
(-0.760975,0.379162)
(0.459794,-0.525879)
(0.157482,-0.26131)
(0.0828845,0.473189)
(-0.678219,0.312569)
(0.673755,-0.525892)
(-0.170396,0.297848)
(0.317918,-0.493854)
(-0.820917,0.300355)
(-0.137633,0.278954)
(1.55024,0.0521561)
(-0.950376,-0.817315)
(-0.368332,0.671089)
(0.0903602,-0.282283)
(0.879313,0.505088)
(-0.709364,-0.283766)
(-0.542893,-0.25)
(-0.258565,0.0800719)
(0.728799,0.468283)
(-0.0461977,-0.413008)
(-0.292406,-0.123037)
(-0.0882662,-0.397193)
(0.165853,0.600698)
(0.125557,-0.0917193)
(-0.105487,0.545568)
(0.105498,-0.770681)
(-0.809181,0.408493)
(1.39016,-1.01925)
(-0.724255,1.01365)
(-0.12047,0.120059)
(-0.295117,-0.10097)
(0.820801,-0.209249)
(-0.118225,-0.264311)
(-0.795562,-0.064998)
(0.97627,0.795389)
(-0.628229,-0.724226)
(-0.00900876,0.46021)
(-0.0927484,-0.147779)
(1.31482,-0.313151)
(-1.75653,0.726833)
(0.913503,-1.08635)
(-0.305389,0.579596)
(-0.326088,0.659507)
(1.16129,-1.00285)
(-0.635232,0.515117)
(-0.555555,-0.0765958)
(0.397082,-0.206073)
(0.320914,-0.227244)
(-0.214829,0.899902)
(-0.20894,-0.512095)
(0.302193,-0.0818523)
(-0.165619,-0.0728037)
(0.0434637,0.148359)
(0.0479264,-0.0214443)
(-0.138249,0.156542)
(0.00322049,-0.217106)
(0.095585,0.0987801)
(0.172552,-0.0738371)
(-0.0998022,0.0830734)
(-0.281604,0.0141661)
(0.0549484,-0.11135)
(0.085688,0.0673825)
(0.319086,-0.0946072)
(0.017668,0.0938829)
(-0.760975,0.379162)
(0.459794,-0.525879)
(0.157482,-0.26131)
(0.0828845,0.473189)
(-0.678219,0.312569)
(0.673755,-0.525892)
(-0.170396,0.297848)
(0.317918,-0.493854)
(-0.820917,0.300355)
(-0.137633,0.278954)
(1.55024,0.0521561)
(-0.950376,-0.817315)
(-0.368332,0.671089)
(0.0903602,-0.282283)
(0.879313,0.505088)
(-0.709364,-0.283766)
(-0.537913,-0.341529)
(0.972248,-0.0611655)
(0.116685,0.54185)
(-0.497214,-0.310081)
(-0.133963,0.707201)
(-0.498628,-0.451615)
(1.03611,-1.0017)
(0.239879,0.0214031)
(-0.733373,1.70638)
(0.0607457,0.207116)
(-0.206381,-1.68948)
(0.0772505,0.451279)
(0.114644,-1.05909)
(1.0642,1.53702)
(-1.04629,0.691901)
(-0.632978,-0.514924)
(0.784771,-1.1904)
(-0.272951,0.267268)
(0.434757,-0.478835)
(0.368371,1.44691)
(-0.762692,0.851228)
(-0.574668,-1.56217)
(0.919418,-0.479716)
(-0.0939871,-0.312875)
(0.263067,0.643376)
(-0.604208,1.92747)
(-0.0375506,-1.26637)
(0.902982,-0.817096)
(-0.78029,-0.772298)
(-0.460587,1.7132)
(0.600899,-0.444569)
(0.748259,0.425813)
(-0.509553,-0.0824061)
(-0.54169,-0.860977)
(-0.548068,0.0260329)
(1.41785,0.288482)
(-0.207046,0.573421)
(-0.281571,0.0932575)
(-0.451728,-0.640513)
(0.432961,-0.373207)
(0.235591,0.556158)
(-0.6174,0.0688762)
(0.437836,-0.222989)
(-0.147868,0.391478)
(0.229532,-0.13205)
(-0.163245,-0.511642)
(0.346492,0.182019)
(-1.24515,0.225099)
(1.00854,0.614563)
(0.132491,-1.25654)
(0.287579,0.439603)
(-0.991871,0.606431)
(0.38477,-0.53362)
(-0.167739,-0.0310456)
(0.277513,-0.0132116)
(0.320572,0.266963)
(-0.309458,-0.103478)
(-0.445737,-0.168737)
(0.599331,0.388874)
(-0.24073,-0.458539)
(-0.0451844,0.109199)
(-0.0149439,0.339323)
(0.223343,-0.552981)
(-0.0175741,0.440939)
(-0.1875,0.0625)
(0.13299,-0.269172)
(-0.227164,-0.154413)
(0.00643162,0.216997)
(0.323406,0.298417)
(-0.135152,-0.383619)
(0.282543,-0.181846)
(-0.463311,0.340139)
(-0.0704709,0.599019)
(0.0366779,-1.15425)
(0.0865701,-0.112943)
(0.729951,1.44841)
(-0.464055,-1.24505)
(-0.45584,0.568437)
(-0.314962,-0.0527017)
(0.64815,-0.11717)
(0.832817,-0.142666)
(-1.44507,-0.585033)
(0.675222,1.48767)
(0.0539332,-0.196466)
(-0.222576,-1.11649)
(-0.493774,0.48624)
(0.971377,-0.574588)
(-0.302635,1.50038)
(-0.162045,-0.753058)
(0.217088,-0.618015)
(-0.362786,0.581977)
(-0.104487,0.420703)
(0.656474,-0.778794)
(-0.803982,-0.209794)
(0.816586,0.933596)
(0.387131,-0.579852)
(-1.47097,0.423027)
(-0.0110155,0.214498)
(0.863929,-1.31388)
(1.06049,0.392511)
(-1.5351,0.831266)
(-0.313605,0.0235878)
(0.894274,0.176848)
(-0.216318,-1.69043)
(-0.0305083,0.900168)
(-0.107204,0.325689)
(0.472578,0.774393)
(-0.499351,-1.48312)
(-0.10832,0.4233)
(0.393763,-0.100325)
(-0.222244,0.908541)
(0.160515,-0.653312)
(-0.300541,-0.4392)
(0.718076,0.112341)
(-0.806405,0.698859)
(0.271101,-0.0249169)
(-0.286002,-0.29186)
(0.527959,-0.433782)
(0.299831,-0.0876112)
(-0.87449,0.796549)
(0.184766,-0.0645166)
(0.175295,-0.125753)
(0.149418,-0.440933)
(-0.224659,0.23792)
(0.219658,-0.0218297)
(0.00244128,0.244756)
(-0.462043,-0.210684)
(0.145545,-0.08102)
(0.257583,0.210248)
(0.382046,0.473776)
(-0.576818,-1.06718)
(-0.0925301,0.126748)
(-0.198983,0.434576)
(0.777745,0.356018)
(-0.0550172,-0.207483)
(-0.695997,-0.0785977)
(0.475573,-0.829874)
(-0.0813503,0.653696)
(-0.182011,0.274243)
(0.157586,-0.0640937)
(0.0366378,0.177571)
(0.41271,-0.646444)
(-0.834963,0.0970187)
(0.122482,0.215854)
(0.608342,-0.0351182)
(-0.28365,0.250123)
(-0.177193,0.0235468)
(-0.112247,-0.530286)
(0.562553,0.120534)
(-0.160049,0.389047)
(-0.617955,-0.248049)
(0.603472,-0.0466274)
(-0.250258,-0.180567)
(0.100561,0.948567)
(0.173968,-0.857297)
(0.127112,-0.472975)
(-0.768425,1.07685)
(0.104125,-0.263635)
(0.811784,-0.724931)
(-0.383627,1.04331)
(-0.149272,-0.518544)
(0.220244,-0.039546)
(-0.308005,-0.107507)
(0.0631268,0.0259473)
(-0.19102,0.606367)
(0.876543,-0.561527)
(-0.572263,-0.249803)
(-0.185197,0.557524)
(-0.0607065,0.0684275)
(0.663694,-0.407388)
(-1.01412,-0.243804)
(1.00345,0.41577)
(-0.428112,0.275094)
(-0.0159835,-0.362798)
(-0.101991,0.540769)
(0.590661,-1.47907)
(-0.891542,1.10363)
(-0.12237,0.408855)
(1.07851,-0.626196)
(0.117244,-0.100328)
(-1.11751,0.482814)
(0.425668,-0.651791)
(-0.254332,0.64159)
(0.232456,-0.613549)
(0.168104,0.703237)
(0.495274,-0.419998)
(-0.320498,-0.102473)
(-0.994434,0.294452)
(0.0846794,0.0707299)
(1.00336,-0.82357)
(0.145585,0.93528)
(-0.0792861,0.0545325)
(-0.832107,-1)
(-0.168498,1.01135)
(0.527992,-0.135445)
(0.429144,-0.690562)
(-0.532186,0.0599619)
(0.83347,1.24234)
(-1.01583,-1.10021)
(-0.261344,-0.215557)
(0.604242,1.22067)
(0.313703,-1.49952)
(-0.189965,1.15403)
(-0.211213,-0.495402)
(0.276991,-0.386164)
(-0.621976,1.35944)
(0.197613,-1.49335)
(0.414966,0.819734)
(0.199055,-0.483456)
(-0.532613,0.382987)
(0.23311,0.07085)
(-0.733406,-0.50829)
(0.916682,0.386111)
(0.0322911,0.239071)
(-0.407195,-0.548483)
(-0.124015,0.335754)
(0.466836,-0.314337)
(-0.578117,0.053577)
(0.666373,0.544185)
(-0.475977,-0.21693)
(-0.0244161,-0.343204)
(0.306451,0.206)
(0.0447922,-0.508022)
(-0.249359,0.693286)
(-0.218229,0.0634862)
(0.059211,-0.149137)
(0.947318,-0.295894)
(-0.869218,0.179366)
(-0.321901,-0.294967)
(0.739107,0.0852411)
(-0.230272,0.853521)
(-0.451407,-0.750516)
(0.933395,0.0752849)
(-0.406302,-0.119285)
(-0.464865,-0.0688697)
(-0.0918265,0.392627)
(0.958463,-0.236834)
(-0.379482,0.197078)
(-0.391147,-0.0229783)
(0.417606,-0.209079)
(-0.239642,-0.0589115)
(-0.329983,0.0186261)
(0.585121,0.19188)
(0.354896,0.127527)
(-0.923946,-0.169006)
(0.279532,0.10216)
(0.230959,-0.406073)
(-0.18491,0.146457)
(0.0881184,0.414058)
(-0.32724,-0.555864)
(0.667361,0.505649)
(-0.0125476,0.050943)
(-0.713123,-0.514534)
(-0.00394948,0.0496345)
(0.213619,-0.0343668)
(0.36196,0.749654)
(0.787913,-0.783471)
(-1.60904,0.352154)
(0.115154,0.0922757)
(0.565712,-0.515699)
(-0.296486,0.407496)
(0.877973,-0.315744)
(-0.421407,0.504289)
(-0.604067,-0.181192)
(0.282406,-0.0404715)
(-0.344575,-0.197668)
(0.665073,-0.163214)
(-0.317817,0.81984)
(0.915171,-0.770621)
(-0.645,0.208412)
(-1.18197,0.161508)
(0.244671,-0.150376)
(1.46898,0.293874)
(0.0492941,-0.104201)
(-0.559395,-0.890178)
(-0.85306,0.629951)
(0.17322,0.722844)
(0.413733,-0.488254)
(0.200403,0.368641)
(0.743211,-1.50832)
(-1.15943,0.746117)
(0.314005,0.861685)
(-0.667911,-0.855965)
(0.140686,0.916795)
(1.08254,-0.423259)
(0.295944,-0.941747)
(-1.37045,0.209165)
(0.450547,0.670943)
(-0.557389,0.399348)
(0.376389,-0.260038)
(0.689624,-0.219285)
(0.0184726,-0.852202)
(-0.116272,0.591596)
(-1.37677,0.208626)
(0.434009,0.41874)
(1.14434,-0.0385726)
(0.141043,-0.486706)
(-1.19981,-0.577156)
(0.43785,0.301514)
(-0.194402,1.11645)
(0.337806,-1.01898)
(0.242066,0.710453)
(-0.703716,-0.854555)
(0.1105,0.085755)
(0.658537,0.72746)
(-0.239128,-0.0837137)
(-0.0619907,-1.07348)
(-0.839694,0.349478)
(0.617386,1.5093)
(0.765506,-0.971046)
(-0.795102,-0.564)
(0.252001,-0.357588)
(-0.0182237,1.10481)
(-0.458879,0.0969181)
(-0.00828734,-0.243562)
(0.531268,-0.342629)
(0.575062,-0.160717)
(-0.759554,0.316049)
(-0.30011,0.153721)
(-0.29503,-0.206848)
(1.0625,0.1875)
(-0.203318,-0.148225)
(-0.368035,-0.0389952)
(0.245417,0.125385)
(-0.353919,-0.18723)
(0.520399,0.126051)
(-0.368422,-0.0846259)
(-0.356178,0.130977)
(0.446517,0.0141576)
(0.495959,0.227171)
(-0.196349,-0.273896)
(-0.36647,-0.985556)
(-0.650757,1.31504)
(0.244442,0.272855)
(0.962974,-0.869891)
(0.552593,0.290241)
(-1.15108,-0.18279)
(-0.880529,-0.0329028)
(0.771753,0.136772)
(0.445328,0.159866)
(0.389113,0.201477)
(-0.724202,-0.501993)
(-0.196091,0.177155)
(0.625749,-0.187095)
(-0.584043,0.0238044)
(-0.202015,0.492328)
(0.650002,-0.374353)
(0.360132,0.0627946)
(-0.323112,0.00610267)
(-0.772988,-0.0547126)
(0.282345,0.0287044)
(0.347061,-0.31203)
(0.154027,0.363585)
(-0.218422,0.282521)
(0.239492,-0.0370733)
(-0.843198,-0.680375)
(0.870563,0.161222)
(0.126273,-0.0627739)
(-1.10482,1.00057)
(0.257823,-0.770875)
(1.25993,-0.165071)
(-0.171648,0.162479)
(-1.27512,0.309329)
(0.229674,-0.524308)
(-0.306101,0.192904)
(1.82146,0.442936)
(-0.916829,-0.856419)
(-0.26287,1.11083)
(-0.436278,-0.72204)
(0.240749,-0.0212099)
(0.663338,-0.545447)
(-0.50867,1.33957)
(0.132328,-0.499166)
(0.225686,-0.714482)
(-0.346967,1.48842)
(-0.143922,-1.66335)
(0.123106,0.426095)
(0.0484506,0.345338)
(0.392549,0.364995)
(-0.257731,0.0461727)
(-0.0599796,-0.964296)
(-0.357724,0.168644)
(0.440123,0.23739)
(-0.153795,0.711092)
(-0.00758255,-0.585248)
(0.256842,-0.658535)
(0.029319,1.08038)
(-0.205608,-0.436234)
(-0.610484,-0.0973857)
(0.535075,0.0649343)
(0.512793,-0.212863)
(-0.382953,0.164654)
(-0.106514,0.698764)
(-0.0337958,-0.697149)
(-0.254266,-0.319159)
(0.517942,0.152567)
(0.0494487,0.454667)
(-0.733784,0.0795198)
(0.840139,-0.634888)
(-0.0715031,0.674949)
(-0.624659,-0.495136)
(0.0607133,-0.105166)
(0.434088,0.267317)
(0.092306,0.199094)
(-0.263024,-0.125914)
(-0.0353276,-0.132926)
(0.0464259,-0.111661)
(-0.0804606,0.217922)
(0.0123663,0.00679901)
(0.111265,-0.155652)
(0.205324,0.0793231)
(-0.242728,0.0386946)
(-0.144043,0.21949)
(-0.0684735,-0.455314)
(0.433952,-0.0130346)
(-0.149338,0.460344)
(-0.0337867,-0.0483974)
(-0.38523,-0.412162)
(0.657629,-0.298498)
(-0.0918965,1.45436)
(-0.861883,-1.11727)
(1.10681,-0.138523)
(-0.591163,0.274405)
(0.255739,0.0848649)
(-0.367223,0.0387444)
(0.389555,0.0309408)
(0.0236138,0.0958389)
(-0.427709,-0.461222)
(0.122172,0.107918)
(0.515452,-0.0980209)
(-0.57676,0.857406)
(0.169112,-0.749006)
(-0.0380952,-0.104666)
(0.534668,0.765395)
(-1.05387,-0.695251)
(0.803562,-0.555593)
(-0.498865,0.68897)
(0.598594,1.38152)
(0.150881,-1.93367)
(-0.990307,0.6051)
(0.0845048,-0.866342)
(0.574945,1.81129)
(0.408665,-1.34228)
(-0.205165,0.359482)
(-1.17048,0.310358)
(0.566367,-0.0787989)
(0.762874,-0.767086)
(-0.168143,0.702204)
(1.45711,0.5)
(-0.268627,0.789059)
(-0.192488,-0.19277)
(-0.731997,-0.803391)
(0.7065,0.317879)
(0.532723,0.720225)
(-0.896864,-0.738597)
(0.387655,-0.315385)
(-0.410537,0.443939)
(0.443576,0.361685)
(-0.0795412,0.387531)
(0.244002,-1.43149)
(-0.131006,0.48225)
(-0.769993,0.000318025)
(0.600806,1.04023)
(-0.0265107,-0.945893)
(0.684711,0.0629504)
(-0.465064,-0.220431)
(-0.603995,0.518622)
(-0.244503,-0.329066)
(1.06946,0.186719)
(-0.00812555,0.107547)
(-0.250809,-0.400818)
(-0.511764,0.155934)
(0.699816,0.0462572)
(-0.758487,0.347141)
(-0.125663,-0.434719)
(1.49176,-0.25173)
(-0.44358,0.331427)
(-1.14179,0.380233)
(0.19681,-0.0415625)
(0.71356,-0.813115)
(-0.108182,0.261032)
(0.0937558,0.342708)
(-0.396287,0.324393)
(0.0633336,-0.533061)
(-0.0128345,-0.0859057)
(0.126406,0.202799)
(0.112509,-0.10168)
(-0.109266,0.180558)
(-0.0913974,-0.0515144)
(0.0591699,-0.00857611)
(-0.0454385,-0.056261)
(0.0558423,-0.0684584)
(0.116189,0.0797119)
(-0.142661,0.0136823)
(-0.330372,0.182088)
(0.955354,-0.422798)
(-0.771578,0.316493)
(-0.257839,0.0134908)
(0.414333,-0.072794)
(0.614252,-0.295841)
(-0.569367,0.519645)
(-0.400959,-0.481941)
(0.0744681,0.600815)
(0.275347,-0.472556)
(0.493702,-0.017381)
(-0.187836,0.0242327)
(-0.278538,0.230855)
(-0.911567,-0.00882227)
(0.966898,-0.298205)
(0.0258184,0.386084)
(0.67893,-0.283403)
(-0.480473,-0.099568)
(1.45711,0.5)
(-0.268627,0.789059)
(-0.192488,-0.19277)
(-0.731997,-0.803391)
(0.7065,0.317879)
(0.532723,0.720225)
(-0.896864,-0.738597)
(0.387655,-0.315385)
(-0.410537,0.443939)
(0.443576,0.361685)
(-0.0795412,0.387531)
(0.244002,-1.43149)
(-0.131006,0.48225)
(-0.769993,0.000318025)
(0.600806,1.04023)
(-0.0265107,-0.945893)
(0.684711,0.0629504)
(-0.465064,-0.220431)
(-0.603995,0.518622)
(-0.244503,-0.329066)
(1.06946,0.186719)
(-0.00812555,0.107547)
(-0.250809,-0.400818)
(-0.511764,0.155934)
(0.699816,0.0462572)
(-0.758487,0.347141)
(-0.125663,-0.434719)
(1.49176,-0.25173)
(-0.44358,0.331427)
(-1.14179,0.380233)
(0.19681,-0.0415625)
(0.71356,-0.813115)
(-0.108182,0.261032)
(0.0937558,0.342708)
(-0.396287,0.324393)
(0.0633336,-0.533061)
(-0.0128345,-0.0859057)
(0.126406,0.202799)
(0.112509,-0.10168)
(-0.109266,0.180558)
(-0.0913974,-0.0515144)
(0.0591699,-0.00857611)
(-0.0454385,-0.056261)
(0.0558423,-0.0684584)
(0.116189,0.0797119)
(-0.142661,0.0136823)
(-0.330372,0.182088)
(0.955354,-0.422798)
(-0.771578,0.316493)
(-0.257839,0.0134908)
(0.414333,-0.072794)
(0.614252,-0.295841)
(-0.569367,0.519645)
(-0.400959,-0.481941)
(0.0744681,0.600815)
(0.275347,-0.472556)
(0.493702,-0.017381)
(-0.187836,0.0242327)
(-0.278538,0.230855)
(-0.911567,-0.00882227)
(0.966898,-0.298205)
(0.0258184,0.386084)
(0.67893,-0.283403)
(-0.480473,-0.099568)
(-1.26202,0.0959709)
(0.863981,0.271544)
(0.00961193,0.187656)
(0.484647,-0.730449)
(0.00769426,0.0944932)
(-0.0775458,0.244208)
(-1.12867,0.533807)
(0.680998,-0.635716)
(-0.0850492,-0.49704)
(0.631493,1.35403)
(-0.0327889,-0.588492)
(0.198467,-1.26927)
(-1.54072,1.48607)
(0.396701,0.318257)
(0.750638,-0.662742)
(0.446214,-0.494093)
(-0.20234,0.023835)
(-0.827604,0.650037)
(0.109709,0.550802)
(-0.0851365,-1.08578)
(0.898968,0.0389686)
(-0.765131,0.368829)
(0.729678,-0.0107681)
(-0.81979,-0.251514)
(0.627868,0.525574)
(-0.672928,-0.582986)
(0.217944,0.343102)
(0.148951,-0.0596579)
(0.277256,0.0424032)
(-0.01646,-0.531512)
(-0.0789274,0.434442)
(-0.645404,0.494767)
(-0.0592508,-0.391879)
(0.726565,-0.0601653)
(0.545921,-0.863299)
(-0.969511,1.11177)
(0.540911,0.112517)
(-1.11443,-0.416954)
(0.863882,0.0618556)
(-0.0530357,-0.11515)
(0.4535,-0.374021)
(-0.503709,0.786172)
(0.213237,-0.295894)
(-0.478103,0.118833)
(-0.409944,-0.346399)
(1.25588,0.326977)
(-0.0595513,-0.434929)
(-0.391483,0.505025)
(-0.597268,-0.366028)
(0.225978,0.363245)
(0.416864,-0.154871)
(0.298462,-0.188572)
(-0.457041,0.0566811)
(-0.0852658,0.210958)
(-0.172808,-0.103383)
(0.407091,-0.274543)
(-0.121882,0.42697)
(0.12854,0.0119381)
(0.0454167,-0.313022)
(-0.416551,-0.10205)
(-0.101864,0.468181)
(0.667046,-0.32434)
(-0.14028,-0.110269)
(-0.297325,0.374281)
(-0.0625,0.0625)
(0.32939,-0.272802)
(-0.226781,-0.464458)
(-0.0500986,0.712778)
(0.322315,-0.287108)
(-0.142228,0.262126)
(-0.202351,-0.146146)
(0.00261057,0.0291442)
(0.465425,-0.221138)
(-0.386145,-0.221733)
(-0.36776,0.418253)
(0.850322,0.248665)
(-0.52542,-0.124965)
(0.337496,-0.0572188)
(-0.521119,-0.389849)
(0.235671,-0.226993)
(0.350307,0.247035)
(-0.954286,1.18492)
(1.10623,-0.332064)
(0.347926,-1.6076)
(-1.77717,0.884212)
(0.798444,-0.0159075)
(0.646156,0.530444)
(-0.615696,-0.32833)
(0.191229,0.0709658)
(0.0623695,-0.130923)
(0.245165,-0.151254)
(-0.821843,-0.383233)
(0.135448,0.389533)
(0.158987,1.25757)
(1.12316,-1.12268)
(-0.552046,-0.674323)
(-1.35537,0.579095)
(0.73251,0.151991)
(0.526917,-0.141235)
(-0.152748,0.833914)
(-0.0975767,-0.736395)
(0.0740653,-0.858098)
(-0.199807,0.650071)
(-0.0607043,0.858239)
(0.208883,-0.0483684)
(-0.753572,-1.53257)
(1.31428,1.08122)
(0.110846,-0.502048)
(-1.21517,0.580575)
(-0.147037,0.59099)
(0.589219,-1.17969)
(0.439081,-0.596095)
(-0.268497,1.26144)
(0.0986777,0.295923)
(-0.621207,-0.857721)
(0.361121,0.118627)
(-0.555262,0.542327)
(1.46074,-0.669569)
(-0.718111,-0.400691)
(-0.798558,0.990941)
(0.650979,0.00281655)
(0.206868,0.147052)
(-0.0348096,-0.745444)
(-0.702319,-0.516171)
(1.06438,0.465156)
(-0.747759,1.28867)
(-0.420642,-0.829135)
(1.47435,-0.1214)
(-0.960248,-0.699524)
(-0.0212857,0.82258)
(0.0215138,-0.225778)
(-0.268143,0.191336)
(0.647536,0.170945)
(0.260355,-0.352524)
(-0.743313,0.0346339)
(0.0358135,-0.0712884)
(-0.262543,-0.260662)
(0.745136,0.615031)
(-0.188077,0.0722168)
(0.11581,-0.430904)
(-0.383111,0.0147218)
(-0.0799301,0.0347825)
(0.138523,0.181584)
(0.195851,-0.334138)
(0.162091,-0.00780148)
(-0.602401,0.74009)
(0.600334,-0.38508)
(-0.353991,-0.401421)
(-0.0268082,0.186804)
(0.170278,-0.190351)
(-0.25949,0.201877)
(0.333992,0.993159)
(0.315806,-1.5355)
(-0.718909,0.655714)
(-0.337526,-0.059348)
(1.17284,-0.0384927)
(-0.477289,0.108871)
(-0.113985,-0.352169)
(-0.401925,0.615642)
(0.696502,0.0985468)
(-0.196029,-0.891158)
(0.075933,0.360746)
(-0.400823,0.0511644)
(0.265118,0.179571)
(-0.262015,-0.0542505)
(0.483055,0.134993)
(0.0555427,-0.483967)
(-0.188276,0.680535)
(-0.507749,-0.649319)
(-0.156832,-0.457119)
(1.14021,1.18064)
(-0.186443,-0.173258)
(-0.462907,0.143055)
(-0.148967,-0.431174)
(-0.333022,-1.45884)
(0.906961,1.87792)
(0.070185,0.0598396)
(-0.535191,-0.368328)
(-0.12819,0.272346)
(0.38714,-1.01474)
(-0.668527,0.812489)
(1.17918,-0.923922)
(-0.670223,0.523876)
(-0.185352,1.68072)
(-0.100079,-1.55497)
(0.794277,-0.151097)
(-0.729876,-0.459096)
(0.0189322,0.235754)
(0.694149,0.927973)
(-0.495737,0.299906)
(-0.034558,-0.558027)
(-1.1375,-0.545267)
(2.45711,-0.375)
(-0.924021,0.204273)
(-0.684748,1.19817)
(-0.351135,0.158276)
(0.804054,-0.762078)
(0.0743657,-1.47642)
(0.290135,1.91284)
(-0.504989,-0.609606)
(-0.299854,0.490996)
(0.0596976,-0.831232)
(0.48239,0.508315)
(-0.595532,0.414439)
(1.38779,-0.604718)
(-1.32668,-0.495682)
(-0.127119,0.70442)
(0.651372,-0.319138)
(-0.535031,0.87505)
(0.581155,-0.402612)
(0.0607214,-0.488936)
(-0.13039,-0.315581)
(-0.854285,0.346294)
(0.616891,0.383438)
(0.50867,0.506623)
(-0.676595,-0.58188)
(0.511979,-0.711477)
(-0.401427,0.684664)
(-0.250749,-0.468504)
(0.680495,0.671419)
(-0.328554,-0.0652196)
(-0.0336372,-0.0247472)
(0.286991,-0.245527)
(-0.663351,-0.257766)
(0.394794,0.129133)
(0.233359,-0.0250269)
(0.337302,1.06003)
(-1.11021,-1.01013)
(0.15456,-0.246782)
(0.954348,0.759999)
(-0.570624,-0.666315)
(-0.149928,0.192199)
(0.552664,0.260605)
(-0.490148,0.0362408)
(-0.209852,0.0378249)
(0.333794,-0.579527)
(0.0485987,0.338148)
(0.109445,-0.0274453)
(0.144191,0.0327351)
(-0.506028,0.205115)
(-0.257827,-0.103888)
(0.655941,-0.0401281)
(-0.354177,-0.278611)
(0.485098,0.118431)
(-0.0983574,0.308101)
(-0.422062,-0.451795)
(0.142444,0.762257)
(-0.415288,-0.564065)
(0.251376,-0.109496)
(1.04184,-0.208521)
(-0.276399,0.795258)
(-1.46241,-0.382629)
(0.693368,-0.226856)
(0.13517,0.536011)
(0.533799,-0.741657)
(-0.323635,0.596973)
(-0.112976,-0.345971)
(-0.35751,0.580844)
(0.451421,-1.0345)
(-0.327372,0.73347)
(0.585009,0.239025)
(-0.641178,-0.612577)
(0.251691,0.674428)
(0.24477,-1.14617)
(0.314139,0.676951)
(-1.74669,0.430573)
(1.64242,-0.212768)
(-0.43503,-0.0322299)
(0.346768,-0.853425)
(-0.284668,1.02263)
(-0.491682,-0.39751)
(0.464132,0.0244071)
(-0.0149897,0.451485)
(0.210079,-0.605942)
(-0.458204,0.37653)
(0.287801,-0.553857)
(-0.273243,0.517111)
(1.08422,-0.356785)
(-1.5899,0.714916)
(0.470544,-0.70502)
(0.17147,0.75401)
(0.722846,-1.01049)
(-0.377324,-0.536796)
(-0.799676,2.07635)
(0.169311,-0.631216)
(0.781713,-0.960763)
(-0.568728,0.778701)
(0.227623,-1.07404)
(0.0958625,1.31237)
(0.0298333,-0.235813)
(-0.843647,-0.365634)
(0.78264,0.113392)
(-0.175974,-0.156715)
(0.473386,0.285752)
(-0.686249,-0.266983)
(0.10109,-0.0232107)
(0.438229,0.568619)
(-0.453623,-0.0945605)
(-0.152163,-1.22096)
(0.638392,0.984127)
(-0.366751,0.575526)
(0.146347,-0.53986)
(0.00111709,-0.907739)
(-0.384144,0.908181)
(0.0970841,0.278163)
(0.312079,-0.402346)
(-0.212747,-0.0855224)
(1.03805,0.191436)
(-1.71175,-0.450276)
(0.0524876,0.382805)
(1.33233,0.186693)
(-0.15138,0.111442)
(-0.86833,-0.732832)
(0.111776,0.467429)
(0.67159,-0.199895)
(-0.620573,0.0765546)
(0.159647,0.29443)
(0.294935,0.0264877)
(-0.245833,-0.366675)
(-0.083449,-0.464875)
(0.0625,0.8125)
(0.0645883,-0.0246347)
(-0.0356449,-0.00195509)
(0.196583,-0.511576)
(-0.338654,0.0655313)
(-0.0125358,0.441711)
(0.302109,-0.068982)
(0.114047,-0.130007)
(-0.450559,-0.124441)
(-0.0395118,0.0771124)
(0.0612437,-0.313834)
(1.21817,0.878122)
(-1.58751,-0.273849)
(0.0201772,-0.524519)
(0.80438,-0.222594)
(-0.114052,0.47818)
(0.0303426,0.595294)
(-0.386646,-0.397423)
(0.184268,-0.394605)
(-0.143875,-0.333784)
(0.159467,0.906305)
(-0.0165102,-0.471422)
(0.189316,0.244157)
(-0.086968,0.297702)
(0.260756,-1.07544)
(-1.29551,0.935453)
(0.816454,-0.505326)
(0.76439,0.149963)
(-0.39458,0.483152)
(-0.337271,-0.638962)
(0.162444,0.23173)
(-1.18864,0.215355)
(1.81876,-0.71926)
(-0.430768,0.607428)
(-0.332277,0.0901715)
(0.191401,-0.206225)
(-0.427816,-0.00403149)
(0.457337,0.10026)
(-0.534985,-0.253551)
(0.151634,-0.152624)
(0.817656,0.455547)
(-0.0161949,0.300588)
(-0.675998,-0.36416)
(-1.16455,-0.512636)
(1.13873,0.152649)
(1.19746,0.519563)
(-0.992484,0.0786409)
(0.0732476,-0.222378)
(-0.585981,-0.547268)
(-0.425363,0.285482)
(1.7336,0.679999)
(-1.0102,-0.341965)
(0.410099,-1.04367)
(-0.14436,1.32573)
(-0.716242,0.0390711)
(0.514513,-1.31984)
(0.585434,1.365)
(-0.559413,-0.431162)
(-0.681508,-0.676054)
(1.45481,0.571613)
(-0.520998,0.397686)
(-0.533516,0.00869537)
(-0.0138939,-0.910644)
(0.515679,0.132353)
(-0.164752,0.449524)
(0.118353,0.181715)
(0.0595144,0.236487)
(-0.199964,-0.687756)
(-0.405291,-0.478604)
(0.373829,0.556037)
(0.271218,0.577139)
(-0.242689,0.0471709)
(0.228978,-0.715712)
(-0.294975,-0.328865)
(0.082829,0.280851)
(-0.452944,0.766943)
(0.669142,-0.358624)
(-0.131078,-0.123596)
(0.111262,-0.107251)
(-0.107716,-0.355627)
(-0.475091,0.252151)
(0.308836,0.931791)
(0.155677,-0.812366)
(0.136001,-0.192574)
(-0.307737,0.109468)
(0.12223,0.195501)
(-0.0641586,0.0920791)
(0.0202525,-0.165486)
(-0.071817,-0.0743882)
(0.0754866,0.0279457)
(0.130389,0.297198)
(-0.13873,-0.0826086)
(-0.0406048,-0.503573)
(0.157461,0.113405)
(0.0474352,0.374433)
(-0.567848,0.141697)
(0.409417,0.220663)
(0.129232,-0.778047)
(0.195419,-0.682865)
(-0.0718449,1.01205)
(-0.927097,0.69016)
(0.552802,0.0581421)
(0.360369,-1.53078)
(0.192711,0.152916)
(-0.664678,0.338452)
(0.353286,0.807734)
(-0.454556,0.108859)
(0.432205,-0.96961)
(0.086895,-0.290729)
(-0.42806,0.797377)
(0.629425,-0.304051)
(-0.569683,0.0768571)
(0.313882,0.601248)
(-0.217119,-0.86177)
(-0.438136,-0.125517)
(1.26155,0.640974)
(-0.773975,0.200144)
(0.0929211,-1.07592)
(-0.554336,0.396145)
(0.637209,0.98834)
(0.1088,-0.672998)
(0.0546119,-0.163296)
(-0.765009,-0.554504)
(0.256229,0.800956)
(0.561223,-0.183741)
(-0.0867104,0.72348)
(-0.210569,-0.622516)
(-0.956309,-0.830331)
(2.58211,0.875)
(-1.20841,-0.468788)
(-0.476216,-0.241887)
(-0.455246,0.134221)
(0.834546,-0.435247)
(0.512734,1.08325)
(-0.662064,-1.35404)
(-0.259788,1.17449)
(0.0226727,-0.666032)
(0.864562,0.412158)
(-0.379141,-0.292738)
(-1.04774,0.178137)
(0.892387,-0.587493)
(0.291313,0.597661)
(0.203005,0.0897549)
(-1.16215,-0.143341)
(0.593643,-0.00150814)
(-0.148352,-0.0356004)
(0.471679,-0.269519)
(-0.306576,-0.0664308)
(0.0880389,0.417357)
(-0.193818,0.172628)
(-0.0623865,0.392537)
(0.470703,-1.20024)
(-0.417528,-0.0482592)
(-0.0333685,0.574195)
(0.0289129,0.123973)
(0.593598,0.639632)
(-0.234337,-0.761421)
(-0.859938,-0.813507)
(0.345355,1.19459)
(0.773782,-0.825444)
(-0.222488,0.663942)
(-0.665312,0.180581)
(0.469381,-0.373404)
(0.0380606,-0.325038)
(-0.313248,0.247418)
(0.144685,-0.00555142)
(0.16668,0.060622)
(0.0629464,0.0572518)
(-0.228004,0.105808)
(-0.00573827,-0.0944634)
(-0.0578252,-0.204668)
(0.0428184,0.0169201)
(0.189313,-0.0885802)
(0.19618,0.28222)
(-0.707038,0.164125)
(0.514946,-0.0128232)
(0.15511,-0.304237)
(-0.720559,-0.472107)
(0.178307,0.729841)
(0.84755,-0.183352)
(-0.210211,0.155361)
(-0.758411,-0.132737)
(-0.124346,0.299153)
(0.597641,-0.79553)
(0.276376,0.29487)
(-0.0401247,0.253273)
(-0.66566,0.122832)
(0.655409,-0.143324)
(-1.22529,0.435472)
(1.09092,-1.37832)
(0.413029,0.94089)
(-0.108764,0.240931)
(2.58211,0.875)
(-1.20841,-0.468788)
(-0.476216,-0.241887)
(-0.455246,0.134221)
(0.834546,-0.435247)
(0.512734,1.08325)
(-0.662064,-1.35404)
(-0.259788,1.17449)
(0.0226727,-0.666032)
(0.864562,0.412158)
(-0.379141,-0.292738)
(-1.04774,0.178137)
(0.892387,-0.587493)
(0.291313,0.597661)
(0.203005,0.0897549)
(-1.16215,-0.143341)
(0.593643,-0.00150814)
(-0.148352,-0.0356004)
(0.471679,-0.269519)
(-0.306576,-0.0664308)
(0.0880389,0.417357)
(-0.193818,0.172628)
(-0.0623865,0.392537)
(0.470703,-1.20024)
(-0.417528,-0.0482592)
(-0.0333685,0.574195)
(0.0289129,0.123973)
(0.593598,0.639632)
(-0.234337,-0.761421)
(-0.859938,-0.813507)
(0.345355,1.19459)
(0.773782,-0.825444)
(-0.222488,0.663942)
(-0.665312,0.180581)
(0.469381,-0.373404)
(0.0380606,-0.325038)
(-0.313248,0.247418)
(0.144685,-0.00555142)
(0.16668,0.060622)
(0.0629464,0.0572518)
(-0.228004,0.105808)
(-0.00573827,-0.0944634)
(-0.0578252,-0.204668)
(0.0428184,0.0169201)
(0.189313,-0.0885802)
(0.19618,0.28222)
(-0.707038,0.164125)
(0.514946,-0.0128232)
(0.15511,-0.304237)
(-0.720559,-0.472107)
(0.178307,0.729841)
(0.84755,-0.183352)
(-0.210211,0.155361)
(-0.758411,-0.132737)
(-0.124346,0.299153)
(0.597641,-0.79553)
(0.276376,0.29487)
(-0.0401247,0.253273)
(-0.66566,0.122832)
(0.655409,-0.143324)
(-1.22529,0.435472)
(1.09092,-1.37832)
(0.413029,0.94089)
(-0.108764,0.240931)
(-1.01647,-0.298636)
(-0.129763,0.109091)
(1.02501,-0.240837)
(-0.355555,0.189917)
(0.341192,-0.159291)
(0.0232124,-0.0283019)
(-0.77957,0.604991)
(-0.162858,-0.983129)
(0.50917,0.634949)
(0.489626,0.257035)
(0.282225,-0.586313)
(-0.722685,0.0143523)
(-1.12292,0.0294668)
(1.12123,0.716549)
(0.428009,-0.941516)
(0.343724,0.451066)
(-1.2533,0.240504)
(0.2465,-0.78481)
(0.0711824,0.653942)
(0.584312,0.273041)
(-0.174264,-1.47717)
(-0.835436,1.79362)
(0.604724,-0.593851)
(0.692978,-0.577265)
(-0.952758,0.494763)
(-0.0282051,-0.00403254)
(0.547241,-0.274537)
(-0.846458,0.0961725)
(1.14548,0.236181)
(-0.402508,0.396327)
(-0.122685,-0.733143)
(-0.260269,-0.429723)
(-0.20321,0.622452)
(0.568087,0.12512)
(0.437347,0.786847)
(-0.691395,-1.55128)
(-0.0911003,0.651135)
(0.0670485,-0.28628)
(0.505162,0.206167)
(-0.72932,0.582638)
(0.270732,-0.59414)
(0.474674,-0.0938766)
(-0.27141,0.313651)
(-0.0401653,0.108697)
(-0.686648,-1.03259)
(0.664309,0.987438)
(0.259349,0.0542129)
(-0.109177,0.214817)
(-0.225825,-0.588744)
(-0.320055,-0.49085)
(0.455573,0.325104)
(-0.109297,0.641468)
(0.212823,0.44214)
(-0.491498,-1.11517)
(0.419063,-0.248086)
(-0.0184982,0.592978)
(-0.194068,0.171885)
(-0.114805,-0.0779701)
(0.490796,-0.0439138)
(-0.499341,-0.122218)
(0.0504013,-0.378951)
(0.470838,0.784145)
(-0.389563,-0.302489)
(0.0715772,-0.201663)
(0.0625,0.1875)
(-0.247574,-0.133656)
(-0.14382,-0.0534163)
(0.682015,0.713957)
(0.0583598,-0.67071)
(-0.617035,-0.602589)
(-0.16983,0.897974)
(0.541748,0.26029)
(-0.274515,-0.39259)
(-0.0828197,-0.200699)
(0.624043,-0.208753)
(0.0484086,-0.0111592)
(-0.884314,1.26286)
(-0.487833,-0.815345)
(1.24565,-0.747547)
(0.165484,0.877506)
(-0.541059,-0.243875)
(0.191791,-0.563033)
(-0.514222,1.70518)
(-0.106373,-0.962642)
(0.66817,-1.39082)
(0.0650419,1.54037)
(-0.156682,-0.0299257)
(-0.180668,-0.304012)
(-0.185461,0.50404)
(0.213122,-0.873411)
(0.13473,-0.00984366)
(-0.20013,0.558955)
(-0.139567,0.0815985)
(0.596388,-0.12107)
(0.29495,-0.199114)
(-1.4183,0.298635)
(0.0647109,-0.810636)
(1.34152,0.677433)
(-0.577899,0.0195931)
(0.390203,0.481174)
(-0.945165,-0.680222)
(0.541887,-0.633768)
(-0.540653,0.79618)
(0.969062,0.430603)
(-0.648636,-0.284534)
(0.415315,-0.798727)
(-0.297987,0.699308)
(-0.0168171,0.158797)
(-0.16836,-0.51981)
(0.37136,0.484385)
(-0.202189,-0.372901)
(0.0158902,-0.145685)
(0.276244,0.939596)
(-0.0141552,-1.29565)
(-0.610498,1.17647)
(0.267593,-0.766582)
(0.142187,0.0339975)
(-0.00797757,0.366038)
(0.402657,-0.0130243)
(-0.52975,-0.389714)
(0.204907,0.222162)
(-0.728104,0.461197)
(0.916181,-0.776721)
(-0.269956,-0.0174507)
(0.390022,0.714063)
(-0.502353,-0.404074)
(-0.1159,0.263743)
(0.0860302,-0.489903)
(0.397748,0.466529)
(-0.507494,-0.622689)
(0.357119,0.434337)
(0.174682,0.429296)
(-0.440573,-0.48002)
(-0.0236136,-0.0533496)
(0.192917,-0.0110958)
(0.124096,-0.273229)
(-0.277167,0.962809)
(0.0648346,-0.725199)
(0.326784,0.0273867)
(-0.151132,0.189439)
(-0.029801,-0.0946445)
(-0.66586,0.190072)
(0.417104,-0.703568)
(0.644688,0.706989)
(-0.0356746,0.0663863)
(-0.261678,-0.0596594)
(-0.995236,-0.347558)
(0.34141,-0.188699)
(1.13235,0.302979)
(-0.202707,0.297349)
(-0.652798,-0.0634135)
(0.226834,-0.0464716)
(-0.434035,-0.526771)
(0.410268,0.236701)
(0.06111,0.0912793)
(0.180951,0.543621)
(-0.0151145,-0.399086)
(-0.319919,-0.344045)
(-0.551278,-0.218523)
(1.21018,1.01129)
(-0.802853,-0.51277)
(0.170502,-0.0769455)
(0.563953,0.0454638)
(-0.681585,-0.373837)
(-0.0153381,0.724614)
(-0.0471132,-0.210522)
(0.767385,-0.011104)
(-0.68859,-0.543878)
(0.112727,0.265256)
(-0.0773391,0.418804)
(0.353603,-0.0499217)
(0.0524898,-0.0729761)
(-0.475348,-0.305715)
(-0.52054,-0.51538)
(1.12016,1.02265)
(0.148196,0.203016)
(-0.514619,-0.417458)
(-0.32073,-1.00863)
(-0.0595263,1.29149)
(0.39367,-0.449271)
(-0.408455,0.181844)
(1.59824,-0.0552276)
(-0.997063,-0.690159)
(-1.51473,1.51366)
(0.991993,-1.56623)
(0.657369,0.999482)
(0.556328,-0.675831)
(-1.28896,0.116799)
(0.20986,0.981827)
(-0.114925,-0.656837)
(0.0556486,-0.766849)
(0.668186,0.169726)
(-0.582107,1.25)
(0.558148,-0.364451)
(-0.597113,-0.763094)
(-0.357562,-0.0287917)
(0.583693,0.398825)
(0.285657,0.629598)
(-0.445915,-1.27325)
(0.182714,1.09412)
(0.0529646,-0.534332)
(-0.421222,-0.0156983)
(0.263049,-0.0973244)
(-0.231813,0.311518)
(0.733642,0.101124)
(-0.396403,-0.285133)
(-0.47616,-0.0191989)
(1.03312,0.0590173)
(-1.31445,-0.117318)
(0.254179,0.562043)
(1.06696,-0.785371)
(-0.274313,0.333289)
(-0.381342,0.488827)
(-0.343269,-0.634285)
(-0.474201,-0.353021)
(1.40121,1.04039)
(0.0637697,-0.556742)
(-0.727366,0.113854)
(-0.127546,-0.189501)
(-0.358389,0.00195972)
(0.838774,0.353815)
(-0.24575,-0.40902)
(0.584071,0.244144)
(-0.876993,0.036422)
(0.140381,-0.0603886)
(-0.422103,-0.564731)
(0.970818,1.0138)
(-0.0343059,-0.169752)
(-0.370476,-1.1258)
(-0.4433,1.14308)
(0.324437,-0.282577)
(0.277752,-0.0385033)
(0.245627,0.0274317)
(-0.911745,0.04348)
(0.669743,-0.411375)
(-0.14235,-0.00730146)
(-0.177372,0.98945)
(0.246032,-0.217679)
(0.0828963,-1.31793)
(-0.551721,0.871971)
(0.447736,0.199608)
(0.317951,-0.228922)
(-0.652993,0.483211)
(-0.0156724,-0.707952)
(0.494844,0.10276)
(-0.217148,-0.324267)
(0.215416,1.20852)
(-0.34394,-0.689687)
(-0.129698,-0.155319)
(0.244129,-0.164166)
(0.232512,0.306022)
(-0.0994135,-0.0449222)
(-0.343248,0.268412)
(0.377789,0.0826064)
(-0.246252,-0.907022)
(-0.38903,0.328932)
(1.01647,0.673636)
(-0.201275,-0.27396)
(-0.831437,-0.311296)
(0.298976,0.0907773)
(0.435665,0.126773)
(0.0428941,-0.137473)
(-0.833347,-0.0492421)
(0.705642,0.213714)
(0.509586,0.315797)
(-1.40612,-0.46629)
(0.458232,-0.579858)
(1.242,0.829535)
(-1.39997,0.110685)
(0.0198707,-0.094247)
(0.778324,-0.686338)
(-0.0211364,0.875643)
(-0.580881,-0.929289)
(-0.0601077,0.838603)
(0.446346,0.0518446)
(-0.190666,-0.825304)
(0.181794,0.620619)
(0.323649,-0.315943)
(-0.770544,0.364403)
(-0.632285,0.0539237)
(1.70269,-0.400622)
(-0.413916,-0.498559)
(-0.0600246,0.984162)
(-1.2958,0.187971)
(0.607897,-0.411921)
(1.87742,-0.917355)
(-1.73265,0.918037)
(-0.219441,0.0864414)
(-0.17179,0.0846551)
(1.36753,-0.684692)
(0.136112,0.72429)
(-1.95393,-0.519432)
(1.06323,0.299123)
(0.558453,-0.432598)
(-1.03821,0.49096)
(1.00104,0.0121107)
(-0.631697,0.00765551)
(-0.0142763,-0.427261)
(0.365884,-0.0444401)
(0.0076682,0.73383)
(-0.806237,-0.900157)
(0.358648,0.808383)
(1.09318,-0.266485)
(-0.624903,-0.0347234)
(-0.857991,-0.496921)
(0.217557,0.735877)
(0.845263,-0.572725)
(-0.174498,0.720892)
(-0.73662,-0.75518)
(1.00477,0.630078)
(-0.682069,-0.403585)
(0.146323,-0.224342)
(-0.637888,0.400903)
(0.828063,0.0967996)
(0.719693,-0.031673)
(-1.13491,-0.641628)
(-0.459381,0.874327)
(0.884197,-0.183224)
(-0.105053,-0.598559)
(0.192109,0.184121)
(-0.5625,0.4375)
(0.356173,-0.00210296)
(-0.131366,-0.0825845)
(0.0482826,-0.300085)
(0.162576,-0.0867849)
(-0.183438,0.0838972)
(-0.121031,0.296135)
(0.0538249,0.366993)
(0.130119,-0.55928)
(0.201263,-0.280927)
(0.148154,0.165594)
(-0.853554,0.523404)
(-0.0609887,-0.54999)
(0.794354,0.354728)
(0.0666772,-0.212277)
(0.0431707,-0.0105909)
(-0.664906,0.643032)
(0.136539,-1.06045)
(-0.335275,0.0429898)
(0.792372,0.481347)
(-0.147482,0.652581)
(0.253684,-0.58396)
(-0.570356,0.125918)
(0.0572291,-1.51992)
(-0.225498,1.52158)
(-0.0458441,0.112955)
(0.767828,0.160712)
(0.278425,-0.637964)
(-0.617034,0.0469647)
(-0.347249,-0.405997)
(-0.364763,0.627497)
(0.228067,-0.364348)
(1.2674,0.707083)
(-0.353454,-0.0782347)
(-0.269653,-0.432524)
(-0.584894,-0.754951)
(-0.668092,0.754202)
(1.04299,-0.138713)
(0.732049,0.895964)
(-0.327429,-0.0618497)
(-0.0888105,-1.37087)
(-0.723603,0.230013)
(-0.761243,0.147033)
(1.29073,0.889698)
(0.714866,0.0780592)
(-0.616629,-0.944468)
(0.237478,0.199929)
(-1.37683,-0.400134)
(0.4619,0.859577)
(0.64039,-0.598592)
(0.0551259,0.612492)
(0.170414,0.0540859)
(-0.0186097,-0.755054)
(-1.06053,-0.252406)
(0.261588,0.653168)
(0.189691,0.414735)
(0.89515,-0.378526)
(-0.0855833,0.0479836)
(-1.28789,-0.84121)
(0.663807,0.637485)
(-0.224025,0.427221)
(0.757767,0.125327)
(-0.795022,-0.993603)
(0.451769,0.0619741)
(-0.397748,0.908471)
(0.538743,-0.426054)
(-0.0644473,-0.154503)
(-0.756041,0.161534)
(0.484385,-0.000108523)
(-0.088393,-0.273292)
(0.683879,-0.152258)
(-0.600642,1.30424)
(0.0342761,-1.26132)
(-0.394885,0.136345)
(0.483327,0.024601)
(-0.226834,0.387035)
(0.552768,-0.213744)
(-0.309491,0.155588)
(-0.119475,-0.419211)
(-0.422676,0.348171)
(0.296635,-0.157932)
(0.624107,0.11997)
(-0.372585,-0.017053)
(-0.243778,-0.0359534)
(-0.0554758,-0.155572)
(0.247238,0.306641)
(-0.00926332,-0.131399)
(-0.00601787,-0.0442408)
(0.0346068,-0.0737719)
(-0.158365,0.0687655)
(0.0390259,0.116592)
(-0.0198557,0.0743591)
(0.198166,-0.286783)
(-0.0860256,-0.104769)
(0.0544585,0.343283)
(-0.413229,0.0840775)
(0.427853,-0.194337)
(-0.181918,0.0110389)
(0.132209,-0.569699)
(0.0842518,0.742181)
(-0.119659,0.436088)
(0.120234,-0.811095)
(-0.879075,0.0641506)
(0.775746,-0.332068)
(0.260954,0.343394)
(0.528512,0.83368)
(-1.20744,-0.398788)
(-0.353149,-0.87155)
(0.314764,0.306873)
(0.920571,0.225098)
(0.448139,-0.105671)
(-1.20191,0.81401)
(-0.242556,-0.69142)
(-0.0986031,-0.174882)
(0.9499,-0.0529993)
(-0.153928,-0.347564)
(0.212248,1.13533)
(-0.517642,-0.0740854)
(-0.134977,-0.868382)
(-0.455331,0.795428)
(1.00744,-0.903964)
(0.525088,-0.294137)
(-1.35324,1.60584)
(0.246542,-0.346519)
(0.231612,-0.767506)
(0.863583,0.303419)
(-1.37102,-0.379338)
(-0.633313,0.0785732)
(0.957107,-1)
(0.00312339,-0.153021)
(0.622588,0.723399)
(-1.94456,-0.931272)
(0.293324,1.3706)
(0.773364,-0.732543)
(0.975496,0.204587)
(-1.48726,-0.624888)
(0.634363,-0.255389)
(-0.341306,1.14451)
(-0.308899,0.033683)
(0.324529,-0.523445)
(0.849198,-0.00443092)
(-0.98646,-0.601142)
(0.356688,0.695274)
(-0.2534,-0.205289)
(0.260906,0.862648)
(-0.426268,-0.714324)
(0.329733,-0.276749)
(0.32103,0.0700498)
(-0.299906,-0.291847)
(-0.140973,0.741719)
(0.129206,0.654099)
(0.077356,-1.51007)
(-0.785702,0.756937)
(0.920165,-0.641662)
(0.596082,0.556994)
(-0.956874,-0.0615688)
(-0.441173,0.363188)
(0.339678,-0.329903)
(0.469807,-0.26629)
(0.112492,-0.0387205)
(-0.273585,0.37998)
(-0.443355,-0.00124603)
(0.401563,-0.264681)
(-0.0510773,0.407011)
(0.0803432,-0.389713)
(-0.00658731,0.0346433)
(-0.130265,0.0887785)
(0.0601371,0.0501578)
(-0.0101692,-0.0951605)
(0.165513,0.0317534)
(-0.146047,0.0619685)
(-0.100344,-0.115474)
(-0.131755,0.401041)
(0.354999,-0.446746)
(0.241774,-0.501962)
(-0.470183,0.897349)
(-0.181889,0.0862131)
(0.669222,-0.453638)
(-0.856294,0.0991554)
(0.400269,-0.207229)
(0.567137,0.250445)
(-0.37057,-0.33041)
(-0.246383,0.229277)
(-0.0779034,0.818896)
(-0.27044,-1.03741)
(0.988502,0.206189)
(-0.419616,-0.419151)
(0.173465,0.297321)
(-0.596946,0.892456)
(0.107888,-0.633199)
(0.242129,-0.309085)
(0.0757239,0.226065)
(0.957107,-1)
(0.00312339,-0.153021)
(0.622588,0.723399)
(-1.94456,-0.931272)
(0.293324,1.3706)
(0.773364,-0.732543)
(0.975496,0.204587)
(-1.48726,-0.624888)
(0.634363,-0.255389)
(-0.341306,1.14451)
(-0.308899,0.033683)
(0.324529,-0.523445)
(0.849198,-0.00443092)
(-0.98646,-0.601142)
(0.356688,0.695274)
(-0.2534,-0.205289)
(0.260906,0.862648)
(-0.426268,-0.714324)
(0.329733,-0.276749)
(0.32103,0.0700498)
(-0.299906,-0.291847)
(-0.140973,0.741719)
(0.129206,0.654099)
(0.077356,-1.51007)
(-0.785702,0.756937)
(0.920165,-0.641662)
(0.596082,0.556994)
(-0.956874,-0.0615688)
(-0.441173,0.363188)
(0.339678,-0.329903)
(0.469807,-0.26629)
(0.112492,-0.0387205)
(-0.273585,0.37998)
(-0.443355,-0.00124603)
(0.401563,-0.264681)
(-0.0510773,0.407011)
(0.0803432,-0.389713)
(-0.00658731,0.0346433)
(-0.130265,0.0887785)
(0.0601371,0.0501578)
(-0.0101692,-0.0951605)
(0.165513,0.0317534)
(-0.146047,0.0619685)
(-0.100344,-0.115474)
(-0.131755,0.401041)
(0.354999,-0.446746)
(0.241774,-0.501962)
(-0.470183,0.897349)
(-0.181889,0.0862131)
(0.669222,-0.453638)
(-0.856294,0.0991554)
(0.400269,-0.207229)
(0.567137,0.250445)
(-0.37057,-0.33041)
(-0.246383,0.229277)
(-0.0779034,0.818896)
(-0.27044,-1.03741)
(0.988502,0.206189)
(-0.419616,-0.419151)
(0.173465,0.297321)
(-0.596946,0.892456)
(0.107888,-0.633199)
(0.242129,-0.309085)
(0.0757239,0.226065)
(0.109835,-0.368718)
(-0.421326,0.687195)
(0.454876,-0.519742)
(-0.307872,0.538816)
(0.0973331,-0.501888)
(-0.755802,0.255138)
(1.21441,0.265347)
(-0.0111937,-1.3683)
(-0.442855,1.39265)
(-0.850616,-0.0493564)
(1.26652,-0.643781)
(-0.394924,1.12174)
(-0.578391,-1.30897)
(1.16685,-0.170842)
(-0.896902,0.806874)
(0.680236,0.685377)
(-0.876079,-1.32522)
(0.343954,0.670409)
(0.0478214,0.0483946)
(-0.052195,-0.498035)
(0.860804,-0.11732)
(-0.707587,0.254354)
(-0.60771,1.12915)
(0.353722,-1.23119)
(0.18305,0.355637)
(0.140329,-0.428863)
(0.831637,-0.327715)
(-1.44359,1.117)
(-0.108578,-0.140684)
(0.923643,-0.00634893)
(-0.379492,-0.356535)
(-0.0733356,-0.867706)
(0.818481,0.86169)
(-0.810232,0.818036)
(-0.343524,-1.08739)
(0.472058,0.610646)
(-0.073264,-0.228995)
(0.392706,-0.780385)
(0.0287195,1.00858)
(-0.859791,-0.223908)
(0.393684,-0.0310032)
(0.372876,-0.0897679)
(-0.264849,0.30436)
(-0.144226,-0.504697)
(0.485324,0.104777)
(-0.663476,0.332037)
(0.341137,-0.526715)
(0.186185,0.825945)
(-0.1844,-0.599959)
(-0.122093,0.0725993)
(0.0673475,0.0210005)
(-0.112533,-0.0752806)
(0.476731,-0.0637655)
(-0.272527,0.224951)
(-0.224203,0.358264)
(0.174221,-0.47541)
(0.000513217,-0.280693)
(-0.109525,0.218805)
(0.212913,0.204207)
(-0.0193758,0.0215445)
(0.0766319,0.0207575)
(-0.424606,-0.173875)
(0.347795,-0.138776)
(-0.288587,0.257539)
(0.125,-0.25)
(0.505078,0.271053)
(-0.30346,-0.0512902)
(-0.229352,0.143862)
(-0.276026,-0.302033)
(0.333071,-0.181114)
(-0.0687589,0.473668)
(0.823821,-0.255723)
(-0.292213,0.163201)
(-1.38991,-0.0855949)
(0.7651,0.310618)
(0.479465,-0.888399)
(0.0911613,0.459008)
(-0.417736,0.823142)
(0.363138,-1.18134)
(-0.749052,0.448129)
(-0.0352304,0.368156)
(0.857454,-0.546182)
(-0.0508397,-0.0663449)
(0.0533085,0.343704)
(-1.1919,0.378426)
(0.788238,-0.568829)
(0.462634,-0.454602)
(-0.841088,0.998556)
(1.02939,-0.517201)
(-0.948279,0.346736)
(0.00217038,-0.621)
(0.380541,0.426177)
(0.635241,0.0217509)
(-1.27421,-0.0738833)
(0.554885,-0.0675193)
(-0.0223623,-0.0722851)
(0.243472,0.351774)
(0.186202,-0.0976113)
(-1.11354,-0.370356)
(0.910464,-0.20186)
(0.292073,0.985786)
(-0.893541,-0.345355)
(0.182319,-0.16251)
(0.500608,-0.614252)
(0.510036,0.386922)
(-1.55679,0.911132)
(0.206647,-0.764757)
(1.34916,-0.192639)
(-0.887677,0.213927)
(0.64334,0.0486893)
(-1.12081,0.163559)
(0.48888,-0.695891)
(-0.148005,0.905755)
(0.763427,-0.225146)
(-0.232035,-0.32263)
(-0.278472,0.1623)
(-0.467306,-0.277709)
(-0.246202,0.108599)
(1.67179,0.662211)
(-0.517311,-0.2753)
(-0.818695,-0.795235)
(-0.13701,0.995113)
(0.558685,-0.99561)
(0.27717,0.455794)
(0.00500941,0.890392)
(-0.899448,-0.85933)
(0.798399,-0.148711)
(-0.0795239,0.109702)
(-0.448223,-0.198223)
(0.375271,0.699062)
(-0.0193704,-0.129964)
(0.177622,-0.426152)
(-0.497422,0.130496)
(0.237364,-0.0281837)
(0.20303,0.134628)
(-0.283001,-0.435768)
(0.128136,0.758872)
(-0.0391303,-0.226702)
(0.00887237,0.100448)
(0.159716,-0.992401)
(-0.116073,0.666602)
(-0.304852,0.304863)
(0.114139,0.0449829)
(0.819916,-0.164395)
(-0.98217,-0.273613)
(0.111902,-0.425976)
(0.215822,0.997195)
(0.486296,-0.421371)
(-0.805843,0.169169)
(0.0933377,-0.325284)
(0.26146,0.445967)
(0.393479,-0.808226)
(-0.615912,0.581526)
(-0.121591,0.303574)
(0.467955,-0.534487)
(0.0952009,0.203752)
(-0.474052,0.0449867)
(0.0572252,-0.215561)
(0.10698,-0.0788084)
(0.491076,0.537563)
(-0.608633,-0.199154)
(0.44593,-0.224867)
(-1.04149,-0.3293)
(0.874124,0.902039)
(0.11765,-0.613553)
(0.217246,0.372981)
(-0.189433,-0.446815)
(-1.14527,0.0404469)
(0.219806,0.209259)
(1.72511,0.300311)
(-0.703984,-0.337255)
(-0.521889,-0.0831085)
(-0.36241,-0.131084)
(0.421223,0.0903754)
(0.454565,0.548014)
(0.0270651,-0.638342)
(-1.11397,0.725072)
(0.849341,-1.15532)
(0.381086,0.808172)
(0.107998,-0.104382)
(-1.83609,-0.270375)
(0.887431,0.550576)
(0.934329,-0.154849)
(0.0706993,-0.486363)
(-0.359001,0.251764)
(-1.31274,0.0472155)
(0.838984,-0.127078)
(0.403854,0.351033)
(-0.190172,0.0153807)
(0.254937,0.00475001)
(0.539693,-0.869671)
(-1.94622,0.0497552)
(0.832107,1.375)
(0.295818,-0.0585496)
(0.587684,-1.67669)
(-0.386339,0.830612)
(-0.266501,0.550059)
(-0.340781,-0.506294)
(0.25766,-0.0538806)
(0.20254,-0.0721582)
(0.258128,0.385201)
(-0.671665,0.103897)
(0.637824,0.0953488)
(0.116638,-1.47693)
(-0.823577,0.936065)
(-0.026161,0.918266)
(0.208783,-0.713645)
(1.04225,0.510927)
(-0.349078,-1.90904)
(-1.08004,1.70638)
(0.447505,-0.231819)
(0.150046,0.150645)
(0.0184347,-0.40798)
(0.0025136,0.322676)
(0.409585,-0.639418)
(-0.0919236,0.406411)
(-0.85919,0.379984)
(0.250075,-0.234352)
(0.165535,-0.552823)
(0.534502,0.611211)
(0.0176685,0.294315)
(-0.384601,-1.12263)
(-0.53696,0.810237)
(0.182775,0.228983)
(0.486974,-0.571921)
(0.0798625,-0.0391094)
(0.018757,0.0314708)
(-0.390608,1.05102)
(-0.0207352,-1.03404)
(-0.0355144,-0.20708)
(0.117797,0.195921)
(0.0248929,0.276645)
(0.548099,0.328063)
(-0.38601,-0.286382)
(-0.340097,-0.149649)
(-0.504581,-0.492165)
(0.91857,0.557133)
(0.371535,0.0444943)
(-0.428712,0.0116468)
(-0.374667,0.415036)
(-0.165273,-0.723745)
(0.301267,-0.217519)
(0.559254,0.268362)
(-0.224258,0.489119)
(-0.690839,-0.30475)
(0.425279,0.339604)
(0.0709265,-0.588118)
(0.269378,0.22576)
(-0.576957,-0.438922)
(0.0988134,0.523448)
(0.349227,0.372518)
(0.0515821,-0.60267)
(-0.590684,0.287883)
(0.540938,-0.117115)
(-0.114814,-0.30236)
(-0.534241,-0.138095)
(0.640165,0.868718)
(0.432727,-0.0966855)
(-1.1187,-0.442948)
(0.545326,-0.108988)
(0.0985629,0.332436)
(-0.890801,-0.865358)
(1.48612,1.37136)
(-0.406489,-0.594603)
(-0.483161,0.054371)
(-0.289624,-0.0558264)
(0.350096,-0.393835)
(-0.0915236,0.218202)
(0.846282,0.240584)
(-0.0344324,0.147676)
(-1.44144,-0.143663)
(0.35866,-0.48051)
(0.664584,0.687688)
(-0.0432461,-0.439737)
(0.165066,0.00975328)
(-0.0316087,-0.393808)
(-0.995673,1.20124)
(0.846928,-0.382976)
(-0.316534,-0.380639)
(0.0921571,-0.671859)
(0.205652,0.643515)
(0.691529,0.500823)
(-0.913994,-0.0285114)
(-0.872423,-0.447584)
(0.669161,-0.236401)
(0.724082,0.113857)
(0.286594,0.609812)
(-0.569026,-0.839234)
(-0.324762,0.507028)
(-0.840511,0.698708)
(0.984438,-1.67045)
(0.637568,1.14435)
(0.238567,-0.163236)
(-1.3722,-0.156469)
(0.129526,-0.355878)
(0.301205,1.0475)
(0.333824,-0.683331)
(-0.442035,0.190113)
(0.477986,-0.980675)
(0.233801,1.30978)
(-0.63913,0.0131764)
(-0.760212,-1.10761)
(0.797677,0.884471)
(1.09009,-0.138216)
(-0.939368,-0.446428)
(-0.710338,0.505354)
(1.14656,0.123705)
(-1.02231,-0.629942)
(0.777722,0.13183)
(-0.059846,0.0220157)
(-0.284567,1.10935)
(-0.00384173,-0.793244)
(0.208102,-1.205)
(0.0797525,0.839075)
(-0.518374,0.799162)
(0.473238,0.0518762)
(-0.215003,-0.82448)
(0.0921475,-0.43633)
(0.282345,0.659523)
(-0.449189,0.140959)
(5.02404e-009,0.125)
(-0.0147371,-0.406231)
(0.618883,0.0362946)
(-0.431331,-0.0556268)
(-0.468608,0.488478)
(0.448779,-0.49397)
(0.457248,-0.154046)
(-0.330451,0.315564)
(-0.649638,0.305556)
(0.543269,-0.261835)
(-0.0145933,0.178847)
(0.0987632,-0.906933)
(0.299448,0.392544)
(-0.454653,0.708294)
(-0.529272,-0.029938)
(0.561774,-0.319829)
(0.257285,-0.394993)
(0.00358605,-0.202534)
(-0.288174,0.435877)
(0.173999,0.615535)
(-0.403387,0.0276028)
(-0.273915,-0.688906)
(0.970738,-1.00789)
(0.150639,1.11313)
(-0.618889,0.931642)
(-0.515203,-0.600652)
(0.579264,-0.703275)
(-0.384427,-0.291808)
(1.46878,0.882603)
(-1.24377,0.154406)
(-0.851562,-0.0368785)
(1.45427,-0.708426)
(-0.206861,0.340167)
(-0.0281862,0.00986638)
(-0.702868,-0.0477752)
(0.267197,0.0356586)
(0.605697,0.601169)
(-0.63097,-0.333457)
(0.847837,-1.06366)
(-0.910981,0.614259)
(-0.0635785,0.86678)
(0.172725,-0.711728)
(0.621895,0.329155)
(-0.182937,-0.279547)
(-0.300385,-0.334979)
(-0.105619,0.249879)
(-0.161219,-0.389822)
(0.174213,1.91907)
(0.629051,-1.695)
(-0.136476,-0.122596)
(-0.50144,-0.0546263)
(-0.608709,0.628628)
(0.901419,0.333323)
(0.632583,-0.381895)
(-1.02202,-0.729259)
(-0.290587,0.736988)
(0.758345,0.247118)
(0.397731,-0.644463)
(-1.06394,0.182859)
(-0.00420542,-0.122692)
(0.909309,0.638769)
(-0.21034,-0.414975)
(-0.875625,-0.162905)
(1.27996,0.331993)
(-0.801777,-0.551777)
(-0.132649,0.22172)
(0.0544725,0.266701)
(0.639575,0.206054)
(-0.226566,0.155456)
(-0.0984995,-0.961)
(-0.646709,-0.342573)
(0.555112,1.10091)
(0.286579,0.0490888)
(-0.334627,0.337553)
(0.356262,-0.939843)
(-0.403076,-0.229041)
(-0.463361,0.118596)
(0.844401,0.540166)
(-0.065481,0.519673)
(-0.0947978,-0.538483)
(-0.440218,-0.515632)
(0.329836,-0.0980742)
(0.072468,0.832371)
(0.00106032,-0.34995)
(-0.208269,-0.0010473)
(0.108423,0.111447)
(0.126535,-0.211194)
(-0.142389,0.0849093)
(0.108044,0.0499409)
(-0.15924,-0.0904947)
(-0.157757,-0.19518)
(0.452323,0.367624)
(0.0172235,0.0946647)
(-0.284254,0.0141163)
(-0.199104,-0.570255)
(0.25289,0.0873923)
(-0.135086,0.330435)
(0.617629,0.00823977)
(-0.389809,0.113033)
(-0.491317,-0.163275)
(0.126891,-0.0881365)
(0.609152,-0.219964)
(-0.26153,0.202114)
(0.355892,0.284606)
(-1.07815,-0.542189)
(0.408893,1.10159)
(0.600938,-0.787027)
(0.0406079,-0.818117)
(-0.601438,0.676009)
(0.00559051,0.74404)
(-0.0721496,-0.47064)
(0.269237,0.0763393)
(0.603856,-0.751909)
(-0.431441,0.607437)
(-0.628597,-0.272128)
(0.0275742,0.698011)
(0.175639,-0.464347)
(1.3823,-0.290787)
(-1.11082,0.626246)
(-0.384875,-0.603625)
(-0.295421,-0.21649)
(1.11929,0.664998)
(-0.628225,0.971482)
(0.696856,-1.98474)
(-0.768201,0.168634)
(0.54396,1.25513)
(-0.661406,-0.902763)
(-0.264606,1.02745)
(-1.04289,2.25)
(-0.231057,-0.901601)
(0.482374,-1.27554)
(0.540989,0.325092)
(-0.286518,0.744492)
(-0.287979,-0.180771)
(0.0530553,-0.157534)
(0.128675,0.260778)
(-0.37233,-0.328487)
(0.134893,-0.109211)
(0.97785,0.191865)
(-0.604275,0.131653)
(-1.14702,0.0277999)
(1.09233,-0.113999)
(0.33807,-0.288935)
(-0.909396,0.340595)
(0.635094,-0.00835953)
(0.0522301,-0.0743711)
(-0.407005,0.24976)
(0.0436341,-0.628842)
(-0.0413291,0.253141)
(0.168374,0.437155)
(-0.163239,0.0836591)
(1.0664,-1.0223)
(-1.21302,0.88999)
(-0.355496,-0.284653)
(0.443226,-0.275015)
(0.876986,0.766086)
(-0.567125,-0.520766)
(-0.44968,0.024732)
(0.745126,0.0341199)
(-0.835017,-0.359775)
(0.390441,0.596917)
(0.047892,-0.152986)
(0.259603,0.0612104)
(-0.216169,-0.171273)
(-0.0921707,-0.29445)
(-0.0268482,0.368456)
(-0.0757332,0.0789913)
(0.131187,-0.117795)
(0.138205,0.0280783)
(-0.0224228,-0.0150882)
(-0.0892035,-0.0405171)
(0.0429179,-0.161883)
(-0.255491,0.278353)
(-0.0672234,-0.11446)
(0.692546,-0.0586002)
(-0.358812,0.521912)
(-0.151675,-0.609697)
(-0.227013,-0.40737)
(0.639195,0.886441)
(-0.280976,-0.0163711)
(-0.0122942,-0.414458)
(-0.566937,-0.156981)
(0.935391,0.425435)
(-0.545488,0.158396)
(0.696778,-0.779881)
(-0.972268,0.428725)
(0.426581,0.476994)
(-0.248962,-0.732795)
(0.38058,0.471376)
(-0.274338,-0.296215)
(0.632654,0.047194)
(-0.0933196,0.178167)
(-1.04289,2.25)
(-0.231057,-0.901601)
(0.482374,-1.27554)
(0.540989,0.325092)
(-0.286518,0.744492)
(-0.287979,-0.180771)
(0.0530553,-0.157534)
(0.128675,0.260778)
(-0.37233,-0.328487)
(0.134893,-0.109211)
(0.97785,0.191865)
(-0.604275,0.131653)
(-1.14702,0.0277999)
(1.09233,-0.113999)
(0.33807,-0.288935)
(-0.909396,0.340595)
(0.635094,-0.00835953)
(0.0522301,-0.0743711)
(-0.407005,0.24976)
(0.0436341,-0.628842)
(-0.0413291,0.253141)
(0.168374,0.437155)
(-0.163239,0.0836591)
(1.0664,-1.0223)
(-1.21302,0.88999)
(-0.355496,-0.284653)
(0.443226,-0.275015)
(0.876986,0.766086)
(-0.567125,-0.520766)
(-0.44968,0.024732)
(0.745126,0.0341199)
(-0.835017,-0.359775)
(0.390441,0.596917)
(0.047892,-0.152986)
(0.259603,0.0612104)
(-0.216169,-0.171273)
(-0.0921707,-0.29445)
(-0.0268482,0.368456)
(-0.0757332,0.0789913)
(0.131187,-0.117795)
(0.138205,0.0280783)
(-0.0224228,-0.0150882)
(-0.0892035,-0.0405171)
(0.0429179,-0.161883)
(-0.255491,0.278353)
(-0.0672234,-0.11446)
(0.692546,-0.0586002)
(-0.358812,0.521912)
(-0.151675,-0.609697)
(-0.227013,-0.40737)
(0.639195,0.886441)
(-0.280976,-0.0163711)
(-0.0122942,-0.414458)
(-0.566937,-0.156981)
(0.935391,0.425435)
(-0.545488,0.158396)
(0.696778,-0.779881)
(-0.972268,0.428725)
(0.426581,0.476994)
(-0.248962,-0.732795)
(0.38058,0.471376)
(-0.274338,-0.296215)
(0.632654,0.047194)
(-0.0933196,0.178167)
(-1.21469,-0.0915291)
(0.534518,-0.0307408)
(0.310552,-0.0237784)
(0.380249,-0.026319)
(-0.107849,0.0924991)
(0.057582,0.350502)
(-0.899816,-0.399198)
(-0.485077,-0.816001)
(1.36308,0.966723)
(0.440474,0.404765)
(-0.410669,0.28788)
(-0.57553,-1.33693)
(-0.332494,-1.15278)
(0.268653,2.49433)
(0.166787,-0.0256797)
(0.418815,-0.223755)
(0.50543,-1.5943)
(-0.90209,0.764884)
(-0.253324,-0.11432)
(-0.681292,1.34837)
(1.18323,-0.923685)
(0.54078,-0.495462)
(-0.158224,0.892358)
(-0.618988,-0.951139)
(-0.808949,0.0961996)
(0.939585,1.09062)
(-0.245454,-0.760761)
(0.577055,0.109689)
(-0.21863,0.264608)
(0.0956938,-0.999813)
(-0.0466052,0.507073)
(-1.34576,0.60143)
(0.618624,0.319974)
(1.65224,-1.53768)
(-0.737042,0.704276)
(-0.849978,0.31258)
(0.547144,-0.0456359)
(-0.625648,-0.233774)
(0.324472,-0.198804)
(0.598338,0.384147)
(-0.272908,0.111764)
(0.158816,-0.226674)
(-0.329241,-0.193908)
(-0.528273,0.0870115)
(0.427511,0.131195)
(0.0351334,0.251367)
(0.952969,-0.330347)
(-0.514357,-0.315729)
(-1.32582,0.873066)
(0.840648,-0.575003)
(0.449177,-0.386363)
(0.251311,0.488722)
(-1.13642,0.394327)
(0.612191,-0.242203)
(0.123296,-0.563984)
(0.021609,0.093184)
(-0.449281,0.608317)
(0.316463,-0.299068)
(-0.054409,0.0805426)
(-0.0713358,-0.24575)
(0.153958,0.068111)
(0.293943,0.114335)
(-0.409694,0.148878)
(-0.349395,-0.317555)
(0.0625,0.0625)
(0.668094,-0.102671)
(0.349185,0.495947)
(-0.863226,-0.426131)
(-0.671042,0.531959)
(1.21826,-0.979109)
(0.0457914,0.0709493)
(-0.797425,1.01395)
(0.164556,-0.0289459)
(0.79382,-0.802401)
(-0.268797,0.0359605)
(-1.1623,0.18771)
(0.726502,0.0276563)
(0.418922,0.230226)
(0.277991,-0.0116921)
(-0.772774,-0.135757)
(0.0251213,-0.333776)
(-0.0841404,0.319833)
(0.206901,0.0564918)
(0.318304,-0.309625)
(0.207311,0.237904)
(-0.742296,0.464201)
(-0.0876383,-0.406737)
(0.429513,-0.313279)
(0.0241627,-0.476924)
(-0.144967,1.08589)
(0.538885,0.129192)
(-0.98588,-0.513593)
(0.766552,-0.0547466)
(-0.408998,0.119899)
(-0.186487,-0.722692)
(0.358741,0.783645)
(0.653943,0.283362)
(-0.212579,0.0935691)
(-1.82376,-0.762531)
(1.10815,0.17868)
(1.27089,-0.554256)
(-0.920986,0.642585)
(-0.64295,0.765288)
(1.07598,-0.469125)
(-1.13072,-0.171807)
(0.72804,-1.14483)
(-0.474533,0.63888)
(1.01229,1.19098)
(-0.705053,-0.248732)
(0.411445,-0.726705)
(-1.4243,-0.121192)
(0.968963,-0.32346)
(0.436203,0.893195)
(0.496895,0.470746)
(-1.16435,-0.940093)
(-0.39003,-0.194875)
(0.631779,0.298525)
(0.413239,0.395545)
(-0.0209851,-0.142139)
(-0.362612,-0.310106)
(-0.426622,-0.235246)
(0.415181,0.665513)
(0.759131,-0.0622468)
(-1.20028,-0.284215)
(0.271481,0.0439815)
(0.510781,-0.00937118)
(-0.320674,-0.515901)
(0.286442,0.976923)
(-0.492417,0.137024)
(0.0831716,-0.843579)
(0.0282264,-0.0529006)
(0.599232,0.0442441)
(-0.729309,0.665064)
(0.298816,-0.294113)
(0.0297796,0.255939)
(-0.142354,-0.56222)
(-0.167898,-0.367247)
(0.558458,0.689171)
(-0.653792,0.626827)
(0.637256,-1.04181)
(-0.0725834,0.135848)
(-0.660092,0.2797)
(0.352245,-0.117792)
(0.1201,0.0471745)
(0.000729719,-0.155231)
(0.355311,0.194678)
(-0.748989,0.136203)
(0.379295,-0.193539)
(-0.0676292,-0.290073)
(-0.282196,0.0685374)
(0.685734,0.483079)
(-0.213722,0.14496)
(-0.128945,-0.710115)
(-0.22414,0.191407)
(-0.22044,-0.283772)
(0.67596,0.858682)
(0.162936,-0.611295)
(-0.658121,0.727682)
(0.318941,-1.06699)
(-0.350852,-0.0590317)
(0.355495,0.810306)
(-0.265216,0.254047)
(0.575874,-0.711806)
(-0.302622,0.188128)
(-0.524586,-0.242116)
(0.65826,0.152457)
(-0.411407,0.18404)
(0.194391,-0.194337)
(0.229123,0.726942)
(-0.326048,-0.55328)
(0.0724046,-1.19916)
(0.0648297,1.21608)
(-0.217542,0.535018)
(0.0398338,-0.200002)
(0.296291,-0.893548)
(0.00414769,0.106716)
(0.0894139,0.471021)
(-0.818292,-0.255633)
(0.516709,0.78551)
(-0.176786,-0.735384)
(0.943121,-0.480689)
(-0.856013,0.909702)
(0.200644,-0.364015)
(-0.488301,-0.164744)
(0.0636539,0.662672)
(0.849952,-1.02605)
(-0.254971,0.97604)
(-0.290079,-0.380921)
(0.106804,-0.642799)
(-0.709323,1.10381)
(0.703741,-0.336403)
(0.601616,-0.735693)
(-1.08211,0.75)
(0.752662,0.330806)
(-0.253657,-0.855477)
(-0.840686,0.156445)
(1.10848,0.0843036)
(-0.0478746,0.184603)
(-0.22142,0.719626)
(-0.456794,-1.56755)
(0.494581,0.876511)
(-0.0604359,-0.366113)
(0.0904878,0.683183)
(-0.28887,-0.711683)
(0.138017,0.533908)
(-0.505731,-0.0172028)
(1.49185,-0.721429)
(-1.13185,0.392207)
(-0.140343,0.446479)
(0.0935622,-0.814766)
(0.184601,1.27954)
(0.136761,-1.03501)
(0.212076,0.00395318)
(-0.0857859,-0.14326)
(-0.489664,0.202548)
(-0.628868,1.08679)
(1.15127,-0.903467)
(0.349475,-0.293615)
(-0.280946,-0.422983)
(-0.91092,0.90909)
(0.317805,0.224808)
(0.339315,-0.288092)
(-0.17853,-0.365099)
(0.63391,0.10925)
(-0.935936,-0.00852883)
(0.574816,0.00677756)
(-0.125217,0.445414)
(-0.36439,-0.486272)
(0.165887,0.544155)
(0.355836,-0.913826)
(-0.147431,0.521249)
(0.404859,0.119203)
(-1.05628,-0.0916268)
(0.558476,-0.150143)
(-0.232422,0.251817)
(0.564744,0.189132)
(0.218393,-0.832526)
(-0.810521,0.325031)
(-0.32874,0.428941)
(0.932827,0.0875293)
(-0.0553227,-0.462895)
(-0.352531,-0.0897836)
(-0.0108787,0.190749)
(0.0698032,0.10379)
(-0.0326984,0.0682322)
(0.182027,-0.361185)
(0.0370032,0.436826)
(-0.419496,-0.366875)
(0.499348,0.125445)
(-0.602196,0.120909)
(0.365582,-0.128165)
(0.293924,0.175774)
(-0.0524311,-0.661129)
(-0.498719,0.808451)
(0.07444,-0.137482)
(-0.0876252,0.123012)
(0.464689,-0.533471)
(0.300566,-0.393051)
(-0.35142,0.599902)
(-0.794452,1.34975)
(0.601152,-2.04419)
(-0.139688,1.03838)
(1.00948,-0.641772)
(-1.09398,-0.310875)
(0.0731311,1.12212)
(0.113143,0.480743)
(0.462133,-1.48545)
(-0.497435,0.371807)
(-0.523561,-0.0168866)
(1.25525,-0.205504)
(-0.383287,1.06476)
(-0.655319,-0.490522)
(0.912091,-0.15729)
(-0.836817,-0.421722)
(-0.197081,0.0985044)
(0.818558,0.514405)
(0.38467,0.0126741)
(-0.594185,-0.375395)
(-0.32088,0.580387)
(-0.214038,-0.793251)
(0.127824,0.025867)
(0.92652,0.624134)
(0.160111,-0.714024)
(-0.933866,1.37819)
(-0.8994,-1.38589)
(1.61514,0.126156)
(-0.580092,0.547312)
(0.666254,-0.436079)
(-1.23734,0.164861)
(0.619493,0.40377)
(0.417857,-0.597754)
(-0.383656,0.189527)
(-0.292367,0.25161)
(-0.293456,-0.581342)
(1.48544,0.452754)
(-1.40593,-0.273269)
(0.912405,0.571003)
(-0.49952,-0.0168658)
(-0.336787,-0.873291)
(0.433947,-0.266928)
(-0.0558802,1.61153)
(0.538064,-0.585048)
(-0.909131,-0.616638)
(0.624749,0.469445)
(-0.18811,-0.463794)
(-0.19156,0.442565)
(-0.338215,0.0530187)
(0.774873,0.152882)
(0.210877,-0.356364)
(-0.239878,-0.642817)
(-0.929027,0.854455)
(0.470607,0.444259)
(0.413343,-0.40004)
(-0.112601,-0.767834)
(-0.0288901,0.0260158)
(0.163843,1.27558)
(-0.245128,-0.656112)
(-0.364237,0.0656199)
(-0.0254507,-0.767189)
(0.984298,0.893914)
(-0.4375,-0.0625)
(-0.103854,-0.57951)
(-0.1915,0.529137)
(-0.120765,-0.0267688)
(0.340171,0.0664513)
(0.0314534,-0.587559)
(0.00307067,0.468195)
(0.0275665,-0.121952)
(-0.314738,0.00441687)
(-0.083063,0.262199)
(0.520308,-0.102515)
(0.189113,-0.145071)
(-0.973863,-0.185347)
(0.27186,-0.153815)
(0.449571,0.433153)
(0.19642,0.875462)
(0.126574,-1.25079)
(-1.32034,-0.199442)
(0.29727,0.549498)
(0.679795,0.00881147)
(0.489868,0.0690861)
(-0.0299726,0.0158544)
(-1.37906,-0.0143401)
(0.158549,-0.559198)
(0.739796,0.775564)
(0.106808,-0.716148)
(0.297011,0.614541)
(-0.661997,-0.354483)
(-0.595533,0.539405)
(1.11899,-0.776151)
(-0.423141,0.529054)
(-0.186436,-0.35202)
(0.391552,0.128249)
(-0.370045,-0.0599499)
(0.741872,0.26074)
(-0.876814,0.405466)
(0.0136616,-0.749916)
(0.448752,-0.226981)
(-0.664619,-0.0998181)
(1.63413,0.872024)
(-1.5364,0.787981)
(0.200659,-1.90735)
(0.257563,0.795993)
(-0.0222475,-0.462195)
(-0.242166,0.718147)
(0.314255,-0.487693)
(0.381302,0.436799)
(-0.735643,0.602609)
(0.185008,-1.73482)
(0.256011,0.901478)
(-0.758455,-0.482932)
(0.663119,0.961575)
(0.412338,-0.0636167)
(-0.208344,-0.191568)
(-0.351487,-0.755691)
(-0.906883,-0.117918)
(1.10545,1.2578)
(0.288774,-0.494888)
(0.169163,-0.151887)
(-1.05159,0.31772)
(0.154305,-0.600007)
(0.310372,0.0417881)
(0.0127508,0.18518)
(0.45569,0.866434)
(-0.757583,-1.01202)
(0.000773404,-0.242764)
(0.621615,0.805742)
(-0.349914,-0.192757)
(0.0758679,-0.178635)
(-0.18007,-0.293121)
(-0.298846,0.461368)
(0.665372,0.0316702)
(0.234492,0.108465)
(-0.61942,-0.488009)
(-0.0459445,-0.085691)
(-0.109955,0.304596)
(0.24536,0.42879)
(0.466579,-0.342198)
(-0.386215,-0.444466)
(-0.0323211,0.379198)
(-0.0646981,0.0532639)
(-0.34477,0.0399516)
(0.588777,-0.122067)
(-0.0658193,-0.063153)
(0.0302543,-0.0543417)
(-0.157659,0.309962)
(-0.135897,-0.0595867)
(0.0755171,-0.211928)
(0.0472019,-0.0506685)
(0.18017,0.128722)
(-0.239242,0.0953971)
(0.0164527,0.112396)
(0.395878,-0.291084)
(-0.537187,0.0266191)
(0.243236,-0.0983877)
(-0.343818,0.296746)
(0.263224,0.204859)
(0.586529,-0.536665)
(-0.470473,-0.222037)
(-0.437303,0.754764)
(0.166377,0.128669)
(0.45051,-0.900884)
(-0.403623,0.181243)
(0.523131,0.564457)
(-0.758298,-0.315887)
(0.673033,0.296615)
(-0.138815,-0.780179)
(-0.641028,0.776788)
(0.355659,-0.163553)
(0.584345,-0.477802)
(-0.387829,0.451904)
(0.20705,0.0403947)
(-0.989694,0.033921)
(0.993741,-0.183399)
(-0.252631,-0.226269)
(-0.335646,0.120284)
(0.999067,0.245385)
(-0.412236,0.0288651)
(-1.37385,-0.0721297)
(1.35371,0.194935)
(0.157991,-0.885514)
(-0.530579,0.54396)
(0.178332,0.23422)
(-0.0264675,0.0105319)
(0.282161,-0.0168929)
(-1.60319,0.316302)
(2.1023,-1.41655)
(-0.108478,0.103285)
(0.207107,-1.5)
(0.142965,0.496688)
(-1.19292,0.572759)
(1.00235,0.0304235)
(1.03342,0.179876)
(-0.842837,-0.708651)
(-0.739654,-0.2244)
(0.317494,1.30266)
(0.546745,-1.32998)
(0.00550376,0.569121)
(-0.931968,0.18854)
(0.962217,-0.0182746)
(-0.253597,-0.535573)
(0.264997,0.299783)
(-0.844683,0.465792)
(0.597585,-0.8741)
(-0.0828305,0.787374)
(-0.274493,-0.811738)
(0.434332,0.891462)
(0.62911,-0.280277)
(-1.25187,-0.316217)
(-0.0738492,0.236442)
(0.353692,-0.58025)
(0.79726,1.03131)
(-0.428966,-0.610244)
(-0.385053,0.486788)
(0.0774747,-0.542643)
(0.0430598,-0.417692)
(-0.12072,0.791743)
(0.641122,0.0209658)
(-0.664392,0.0554385)
(0.241562,-0.657338)
(0.213748,0.284803)
(-0.555396,0.131653)
(0.389504,-0.00302243)
(-0.136705,0.0508345)
(0.0709395,-0.199611)
(0.190726,0.205899)
(-0.287716,-0.171049)
(0.0845468,-0.048732)
(0.0301051,0.197753)
(-0.0852757,0.0157564)
(-0.0888249,-0.0700599)
(0.257022,-0.0875276)
(0.0760371,-0.0971291)
(-0.144492,0.121201)
(-0.335841,0.353837)
(0.460914,-0.293561)
(-0.248132,-0.200696)
(0.218656,0.0374485)
(-0.504569,0.275658)
(0.794852,-0.261206)
(-0.310788,0.364451)
(-0.472563,-0.130645)
(0.513565,-0.284508)
(-0.282051,-0.043722)
(-0.0695487,0.296916)
(0.658349,0.109033)
(-0.592839,-0.205801)
(0.263797,-0.157755)
(-0.226915,0.568944)
(-0.341973,-0.560729)
(0.680116,-0.234352)
(-0.0757413,0.685992)
(0.207107,-1.5)
(0.142965,0.496688)
(-1.19292,0.572759)
(1.00235,0.0304235)
(1.03342,0.179876)
(-0.842837,-0.708651)
(-0.739654,-0.2244)
(0.317494,1.30266)
(0.546745,-1.32998)
(0.00550376,0.569121)
(-0.931968,0.18854)
(0.962217,-0.0182746)
(-0.253597,-0.535573)
(0.264997,0.299783)
(-0.844683,0.465792)
(0.597585,-0.8741)
(-0.0828305,0.787374)
(-0.274493,-0.811738)
(0.434332,0.891462)
(0.62911,-0.280277)
(-1.25187,-0.316217)
(-0.0738492,0.236442)
(0.353692,-0.58025)
(0.79726,1.03131)
(-0.428966,-0.610244)
(-0.385053,0.486788)
(0.0774747,-0.542643)
(0.0430598,-0.417692)
(-0.12072,0.791743)
(0.641122,0.0209658)
(-0.664392,0.0554385)
(0.241562,-0.657338)
(0.213748,0.284803)
(-0.555396,0.131653)
(0.389504,-0.00302243)
(-0.136705,0.0508345)
(0.0709395,-0.199611)
(0.190726,0.205899)
(-0.287716,-0.171049)
(0.0845468,-0.048732)
(0.0301051,0.197753)
(-0.0852757,0.0157564)
(-0.0888249,-0.0700599)
(0.257022,-0.0875276)
(0.0760371,-0.0971291)
(-0.144492,0.121201)
(-0.335841,0.353837)
(0.460914,-0.293561)
(-0.248132,-0.200696)
(0.218656,0.0374485)
(-0.504569,0.275658)
(0.794852,-0.261206)
(-0.310788,0.364451)
(-0.472563,-0.130645)
(0.513565,-0.284508)
(-0.282051,-0.043722)
(-0.0695487,0.296916)
(0.658349,0.109033)
(-0.592839,-0.205801)
(0.263797,-0.157755)
(-0.226915,0.568944)
(-0.341973,-0.560729)
(0.680116,-0.234352)
(-0.0757413,0.685992)
(-0.176777,-0.301777)
(0.223898,0.0558448)
(-0.579302,0.140967)
(0.315845,-0.0220896)
(0.239804,-0.38012)
(-0.231702,-0.524707)
(-0.353706,1.00407)
(0.772153,0.328968)
(0.387814,0.161911)
(-1.46024,-1.22493)
(0.368697,-0.954024)
(-0.035624,1.8289)
(0.39943,0.389674)
(1.48714,-0.582709)
(-1.60803,-0.174042)
(-0.806409,-0.0706291)
(-0.0004453,-1.29626)
(0.682355,2.3311)
(2.09829,-1.22395)
(-1.71552,0.403479)
(-0.761478,0.435402)
(-0.453713,-0.553291)
(1.34062,-0.982127)
(-0.381385,0.233658)
(0.855961,1.31821)
(-0.513153,0.262133)
(-0.357938,-0.473497)
(-0.737885,-1.00988)
(0.395621,-0.603962)
(1.13665,1.20428)
(-0.330758,1.43727)
(-0.00524415,-1.66205)
(-0.866769,-0.160063)
(-0.391236,0.618748)
(1.55743,-0.275512)
(-0.194873,-0.78213)
(-0.78259,1.40316)
(-0.0675664,-0.611005)
(0.797967,0.703236)
(-0.198726,-1.09378)
(-0.358424,0.272054)
(-0.645743,-0.0977252)
(1.45387,0.174836)
(-0.55958,0.12655)
(-0.149289,0.533328)
(-0.125325,-0.199433)
(0.560895,-1.19429)
(-1.09227,0.351921)
(0.782665,0.665673)
(0.503237,0.187649)
(-0.811774,0.0249658)
(-0.00969822,-0.996253)
(0.592988,0.749033)
(-0.564637,-0.47566)
(0.0642311,0.334456)
(0.146792,0.14317)
(0.180113,-0.318144)
(-0.078304,0.364448)
(-0.236628,-0.0280124)
(0.182902,-0.643382)
(-0.202232,0.470709)
(0.0962662,-0.005878)
(0.088937,-0.108132)
(0.107548,0.252075)
(-3.34936e-009,-6.67289e-016)
(-0.292417,0.164142)
(0.228114,-0.881591)
(-0.551015,0.104374)
(0.630715,0.352812)
(0.224658,1.20445)
(-0.38754,-0.79133)
(-0.065229,-1.17729)
(-0.0623884,0.0752302)
(-0.251582,1.61628)
(0.77603,-0.804905)
(-0.192615,0.361423)
(-0.255129,-0.748568)
(-0.174686,0.197221)
(0.202831,-0.0151409)
(0.357966,0.471635)
(-0.663956,-0.135917)
(0.235377,-0.0725459)
(0.356686,-0.637858)
(-0.010496,0.594379)
(-0.584068,0.589297)
(0.379261,-0.793978)
(-0.144275,-0.199648)
(0.117835,0.126352)
(-0.200034,0.807205)
(0.855438,-0.599288)
(-0.815578,0.223121)
(-0.161786,-1.18191)
(-0.00312017,1.82453)
(0.0945979,-0.780948)
(1.22265,-0.196209)
(-0.662769,-0.573829)
(-1.40378,1.42583)
(0.863978,-0.362201)
(0.0959625,-0.645225)
(1.3008,-0.20267)
(-1.56087,0.536339)
(0.0269916,0.423902)
(0.350137,-0.479822)
(-0.610868,0.197142)
(1.17544,-0.791001)
(-0.077774,0.749881)
(-0.661357,0.157662)
(-0.331258,-0.361556)
(0.274987,-0.192713)
(0.221787,0.40765)
(0.766719,0.334402)
(-0.915054,-0.989084)
(-0.181263,0.00256278)
(0.27809,1.31783)
(-0.081418,-0.862929)
(0.122208,-0.282409)
(0.429111,0.645046)
(-0.519336,-0.858318)
(0.026477,1.04165)
(2.85723e-005,-0.430379)
(-0.236819,-0.384649)
(0.655564,0.179613)
(-0.676213,0.590331)
(0.819623,-0.677467)
(-0.268313,0.412417)
(-1.00325,-0.478449)
(0.82046,0.232848)
(0.137503,0.466785)
(-0.0732233,-0.728553)
(0.163668,0.299066)
(-0.735381,0.249881)
(0.588765,-0.108093)
(-0.165017,-0.435942)
(0.233781,0.0552746)
(-0.516545,0.589803)
(0.130421,-0.101007)
(0.876718,-0.415867)
(-0.681803,0.250335)
(-0.236959,-0.113755)
(-0.367944,-0.276199)
(0.81595,0.279427)
(0.09358,0.61011)
(0.161072,-0.334341)
(-0.716176,-0.549083)
(-0.387666,-0.354646)
(0.62357,0.893639)
(0.630872,0.242699)
(-0.902168,-0.219691)
(0.249523,-0.458721)
(0.468539,-0.214031)
(-0.877242,0.361626)
(0.241788,0.609536)
(0.470686,-0.913209)
(-0.391394,0.896909)
(0.333786,-1.00179)
(-0.288449,0.527335)
(0.231061,-0.013777)
(-0.35428,-0.0343495)
(-0.179181,-0.100745)
(0.737206,0.274183)
(-0.229162,0.22003)
(-0.21823,-1.00435)
(0.0717828,0.341926)
(0.232883,0.628852)
(-0.662117,0.0682397)
(0.368511,-0.446055)
(0.212141,-0.49904)
(0.272294,0.126821)
(-0.402343,1.01905)
(-0.218725,-0.268625)
(-0.306564,-0.78427)
(0.686454,0.460883)
(0.469531,-0.523405)
(-0.881156,1.1342)
(0.0556373,-0.824137)
(0.188642,0.103696)
(-0.0840958,0.00418774)
(0.464961,0.475846)
(-0.599945,-0.660912)
(-0.240257,0.0597957)
(0.964139,-0.229817)
(-0.151081,1.04247)
(-0.866837,0.366042)
(0.544075,-2.36079)
(-0.301787,1.29237)
(0.715835,0.30306)
(-0.631907,0.24999)
(0.368541,-0.946161)
(-0.123252,1.06453)
(-0.326252,-0.51555)
(0.301477,-1.34203)
(-0.522365,1.71745)
(1.20711,0.25)
(-0.333106,-0.499941)
(-1.20504,-0.883327)
(0.98251,0.440892)
(-0.249134,0.795206)
(0.20574,-0.984739)
(0.00645491,1.00717)
(-0.216414,-0.830403)
(0.126498,0.139759)
(0.0912187,-0.0373311)
(-0.315369,0.457553)
(-0.211997,-0.0262659)
(0.636802,-1.03876)
(0.404553,0.88772)
(-0.816651,0.718858)
(-0.410405,-1.38887)
(0.603829,0.116507)
(0.289321,0.758272)
(-0.282155,-0.0143622)
(-0.0951522,-0.520133)
(0.365561,0.147082)
(-0.727728,0.0103708)
(0.20421,-0.375566)
(0.740146,1.34514)
(-0.486539,-1.15008)
(-0.358419,-0.08414)
(0.438017,0.100448)
(0.138996,0.382685)
(-0.505415,0.0696169)
(0.0636517,-0.161874)
(0.453192,-0.157852)
(-0.0141179,-0.15382)
(-0.558418,0.13309)
(0.387151,0.22393)
(-0.177385,-0.0542469)
(0.119941,0.175834)
(0.125409,-0.413641)
(-0.128633,0.274249)
(-0.123902,-0.701688)
(0.310207,0.77947)
(-0.464205,0.155673)
(0.0977469,-0.252609)
(0.547319,-0.00636127)
(-0.324652,-0.314315)
(-0.050797,-0.28713)
(-0.162208,0.470648)
(-0.193209,1.14535)
(0.590736,-1.33033)
(-0.00226896,-0.282724)
(-0.0632531,0.520931)
(-0.343765,-0.0403672)
(-0.1088,0.370557)
(0.000942305,-0.422198)
(0.701254,-0.00786753)
(-0.0559018,0.101869)
(-0.660585,0.177179)
(0.355181,-0.228021)
(-0.325758,-0.266041)
(0.0205917,0.154315)
(0.582573,0.862957)
(0.0987712,-1.00055)
(-0.770381,0.248709)
(0.26887,0.214021)
(-0.0297813,-0.536899)
(0.176777,0.0517767)
(-0.488645,1.15434)
(1.01185,-0.867855)
(-0.444582,-0.356545)
(-0.252073,0.335331)
(-0.44215,0.179271)
(0.249675,-0.240443)
(1.04704,0.218409)
(-0.869219,-0.00349183)
(0.347794,-0.0913594)
(-0.601293,-0.16547)
(0.109744,0.042906)
(0.5309,0.393066)
(-0.787977,-0.442355)
(1.47143,0.13253)
(-1.14272,-0.144066)
(-0.173315,0.662978)
(-0.0375117,-0.398869)
(0.893674,-0.647983)
(-0.612141,0.340779)
(0.253667,0.567833)
(-0.0251474,-0.0306518)
(-0.377178,-0.292902)
(-0.176686,-0.452895)
(1.21305,0.409026)
(-1.25873,0.209572)
(0.672119,-0.425987)
(0.0152131,0.173281)
(-0.799209,0.724084)
(1.16103,-0.732475)
(-1.02516,-0.372007)
(0.623479,-0.225)
(-0.0385606,1.24217)
(0.221497,0.11127)
(-1.05949,-0.66013)
(0.462856,-1.11578)
(0.782475,1.32866)
(0.250833,0.0686197)
(-1.76887,-0.221198)
(0.731863,0.00640995)
(0.588038,-0.3817)
(-0.20977,-0.00812167)
(-0.154989,0.647836)
(0.283221,0.0906128)
(-0.466433,-0.868181)
(-0.212845,0.00935629)
(0.54443,0.598278)
(0.0421837,0.0315341)
(0.123633,0.279686)
(-0.0475598,-0.712075)
(-1.05264,-0.638291)
(0.824276,0.964834)
(0.152121,0.50233)
(0.178774,-0.550564)
(-0.383549,0.258916)
(0.00230212,-1.17156)
(-0.225772,0.680053)
(0.232205,0.551683)
(0.10934,-0.149548)
(-0.0644642,-0.109188)
(0.378883,-0.319613)
(-0.676103,0.0609248)
(0.0914841,0.00463778)
(0.260284,0.0995791)
(3.34936e-009,0.25)
(-0.132585,0.040264)
(0.203687,-0.224729)
(-0.11688,-0.455129)
(-0.107067,0.183132)
(0.0862474,0.518751)
(-0.164734,-0.105984)
(0.133555,-0.0703376)
(0.358968,-0.0573194)
(-0.294837,-0.51695)
(-0.238108,0.426194)
(-0.0871817,0.338149)
(0.779164,-0.30725)
(-0.646275,0.26513)
(-0.0688794,-0.439977)
(0.385693,-0.0950517)
(0.069734,0.115918)
(-0.343691,0.771108)
(-0.0591589,-0.417437)
(0.0503497,-0.890796)
(0.382667,0.643006)
(-0.276478,0.581576)
(-0.0651439,-0.506092)
(0.38809,-0.0383007)
(-0.654533,-0.499243)
(0.310527,0.597141)
(0.0142101,0.396027)
(0.173062,-0.280893)
(0.0514532,-0.719686)
(-0.380572,0.58822)
(0.189871,-0.118519)
(-0.108238,0.0281664)
(-0.00154814,0.406278)
(0.101496,-0.24184)
(0.160411,-0.464624)
(0.265611,-0.210829)
(-0.566741,1.36022)
(-0.553414,-1.1989)
(0.323054,0.498338)
(1.47826,0.118824)
(-0.96748,-0.478421)
(-0.519111,0.115518)
(0.457764,0.0690868)
(-1.15843,0.20056)
(1.70582,0.194501)
(0.303343,-0.667631)
(-1.28974,0.256823)
(-0.11693,0.409354)
(0.504887,-0.75658)
(-0.386123,0.356648)
(1.01446,0.555122)
(-0.469684,-0.678969)
(-0.506663,0.333592)
(0.0893487,-0.355638)
(0.30926,-0.143673)
(0.184687,0.864866)
(-0.572063,-0.721779)
(0.194957,0.498232)
(0.92079,-0.391366)
(-1.39915,-0.0773703)
(0.410825,0.143114)
(0.258161,0.0375123)
(0.138256,0.0587293)
(-0.11716,0.203145)
(-0.426777,-0.0214466)
(0.53808,-1.33949)
(-0.243424,1.9216)
(0.00803326,-0.963005)
(-0.0915433,0.227501)
(0.213313,-0.45757)
(-0.0555226,0.814256)
(0.0104348,-0.490118)
(-0.158028,-0.0702406)
(0.113003,-0.0511732)
(0.20406,-0.0180053)
(-0.75981,0.97231)
(0.846786,-1.31501)
(-0.0681523,0.734591)
(-0.156165,-0.367966)
(-0.370912,0.0662438)
(0.134649,0.104046)
(0.22884,0.293447)
(0.109492,-0.359801)
(0.026214,-0.052188)
(-0.381314,-0.0113616)
(0.0555167,0.250031)
(0.116907,-0.11658)
(-0.0376005,0.00616846)
(0.230374,-0.0687718)
(-0.256364,0.0238513)
(0.18789,0.146601)
(-0.17642,-0.144607)
(-0.0554983,-0.0499457)
(0.0104413,0.126731)
(0.319374,-0.309165)
(-0.339078,0.67333)
(0.384492,-0.552136)
(-0.481912,0.224742)
(0.216235,-0.384191)
(0.148723,0.300681)
(-0.445602,0.487256)
(0.299439,-0.921914)
(0.462158,0.331751)
(-0.490041,0.271594)
(-0.515348,0.213695)
(0.841097,-0.572027)
(-0.096733,-0.322172)
(-0.4643,0.465136)
(0.175373,0.588183)
(0.141747,-0.449674)
(0.392462,-0.0977104)
(-0.518966,-0.372796)
(-0.395425,0.28789)
(0.492145,-0.110739)
(-0.130205,0.6313)
(0.662803,0.0847157)
(-0.594544,-0.952971)
(0.0271703,0.248937)
(0.00933944,-0.0826705)
(-0.870801,0.269408)
(1.16359,0.383259)
(0.279671,0.0169949)
(-0.052907,-0.524871)
(-0.495032,-0.255481)
(-1.79747,-0.240832)
(2.2076,1.05419)
(0.610943,-0.0364007)
(-1.22785,0.233654)
(1.08211,0.625)
(-0.736178,-0.552446)
(0.395357,0.124588)
(0.131403,0.658352)
(-1.22906,-1.29166)
(1.24446,0.731664)
(-0.379343,0.353925)
(0.695845,-0.123158)
(-0.827607,-1.14273)
(-0.755887,1.03579)
(1.52959,0.180329)
(-0.382271,0.180822)
(-0.0976799,-0.947387)
(-0.734967,-0.304671)
(0.696226,1.12767)
(0.23056,-0.114306)
(0.0218253,0.0562522)
(-0.694095,-0.766455)
(-0.216229,0.560656)
(0.994945,-0.766556)
(-0.041054,1.06372)
(-0.473892,-0.133087)
(0.0681719,-0.235029)
(-0.436917,-0.43033)
(0.531943,0.398504)
(0.365552,0.155739)
(-0.332369,-0.624557)
(-0.517948,0.721299)
(0.601238,0.0346556)
(-0.312837,-0.378544)
(0.175402,-0.196132)
(0.00878544,0.0366562)
(-0.0330624,0.485574)
(0.0777359,-0.226402)
(-0.247297,0.0325635)
(0.143423,-0.0635565)
(-0.113012,-0.0600939)
(0.255631,-0.066332)
(-0.0279118,0.119839)
(-0.0694117,0.0135518)
(-0.163057,0.0679577)
(0.00643467,0.0336365)
(0.0151623,-0.116956)
(0.248792,-0.142216)
(0.107054,0.0781645)
(-0.0136031,-0.00525977)
(-0.933811,0.225731)
(0.645621,0.0813134)
(0.136239,-0.513437)
(0.369904,0.445127)
(-0.318435,-0.229347)
(-0.518543,-0.209525)
(0.140422,0.306974)
(0.419299,0.285643)
(-0.45927,-0.246994)
(0.658399,-0.140054)
(0.0580761,-0.100052)
(-0.580377,-0.0547545)
(-0.549657,0.270331)
(0.648335,0.371545)
(0.0704625,-0.610713)
(0.481394,0.340674)
(0.287146,-0.16861)
(-1.60729,-0.241979)
(1.08211,0.625)
(-0.736178,-0.552446)
(0.395357,0.124588)
(0.131403,0.658352)
(-1.22906,-1.29166)
(1.24446,0.731664)
(-0.379343,0.353925)
(0.695845,-0.123158)
(-0.827607,-1.14273)
(-0.755887,1.03579)
(1.52959,0.180329)
(-0.382271,0.180822)
(-0.0976799,-0.947387)
(-0.734967,-0.304671)
(0.696226,1.12767)
(0.23056,-0.114306)
(0.0218253,0.0562522)
(-0.694095,-0.766455)
(-0.216229,0.560656)
(0.994945,-0.766556)
(-0.041054,1.06372)
(-0.473892,-0.133087)
(0.0681719,-0.235029)
(-0.436917,-0.43033)
(0.531943,0.398504)
(0.365552,0.155739)
(-0.332369,-0.624557)
(-0.517948,0.721299)
(0.601238,0.0346556)
(-0.312837,-0.378544)
(0.175402,-0.196132)
(0.00878544,0.0366562)
(-0.0330624,0.485574)
(0.0777359,-0.226402)
(-0.247297,0.0325635)
(0.143423,-0.0635565)
(-0.113012,-0.0600939)
(0.255631,-0.066332)
(-0.0279118,0.119839)
(-0.0694117,0.0135518)
(-0.163057,0.0679577)
(0.00643467,0.0336365)
(0.0151623,-0.116956)
(0.248792,-0.142216)
(0.107054,0.0781645)
(-0.0136031,-0.00525977)
(-0.933811,0.225731)
(0.645621,0.0813134)
(0.136239,-0.513437)
(0.369904,0.445127)
(-0.318435,-0.229347)
(-0.518543,-0.209525)
(0.140422,0.306974)
(0.419299,0.285643)
(-0.45927,-0.246994)
(0.658399,-0.140054)
(0.0580761,-0.100052)
(-0.580377,-0.0547545)
(-0.549657,0.270331)
(0.648335,0.371545)
(0.0704625,-0.610713)
(0.481394,0.340674)
(0.287146,-0.16861)
(-1.60729,-0.241979)
(0.220971,-0.179917)
(0.294146,0.97964)
(0.928176,-0.291509)
(0.0776359,0.118826)
(-0.525601,-0.911965)
(-0.940376,-0.296952)
(-0.135039,1.42934)
(1.41279,-0.332468)
(-0.0872276,0.373098)
(0.228846,-1.29608)
(-1.33579,0.543817)
(0.675543,-0.148017)
(-0.383106,0.457272)
(0.301507,0.13023)
(0.0876821,-0.0523999)
(1.30873,-0.415536)
(-1.93732,-0.284775)
(-0.108567,0.0520436)
(0.97781,1.30826)
(-0.147495,-1.12599)
(-0.240812,0.0052034)
(0.529856,0.505038)
(-0.22213,-0.590272)
(-0.502416,-0.111231)
(0.478374,1.13184)
(-0.989616,-0.937203)
(1.10446,0.115953)
(0.846275,-0.168248)
(-1.13632,0.583392)
(-1.18315,-0.199909)
(1.60492,-0.327394)
(-0.267073,-0.0384864)
(-0.209285,0.245059)
(0.506394,0.453595)
(-0.55019,-0.729011)
(-0.0688812,0.520073)
(-0.00336068,-0.621867)
(0.448788,0.327757)
(-0.328562,-0.148825)
(0.311941,0.758338)
(-0.248604,-0.215573)
(-0.368731,-1.08462)
(0.724861,0.487915)
(-0.497903,0.433128)
(0.448655,0.349951)
(-0.887294,-0.690694)
(1.13855,-0.171839)
(-0.621889,0.299531)
(0.0213561,0.402104)
(-0.036318,-0.708176)
(0.176617,0.238158)
(-0.276661,0.484186)
(0.622648,-0.568015)
(-0.663205,0.120321)
(0.173552,0.141681)
(0.0689358,-0.163833)
(0.0786773,-0.141867)
(-0.068361,0.563178)
(0.0283176,-0.341323)
(-0.313526,-0.193881)
(0.446397,0.407163)
(-0.0984689,-0.446984)
(-0.0335341,0.193055)
(-0.257723,0.0278728)
(0.3125,0.3125)
(-0.221113,-0.271632)
(0.238743,-0.247595)
(0.0248659,-0.119456)
(-0.141138,0.793095)
(-0.341168,-0.587747)
(0.365139,0.23991)
(0.18599,-0.225347)
(0.0845874,0.219219)
(-0.723328,-0.352478)
(0.354162,0.368925)
(0.19591,0.193934)
(-0.138948,-0.899523)
(0.375599,0.808932)
(-0.699883,0.200198)
(0.479825,-0.634687)
(-0.694647,-0.201369)
(0.96929,0.586869)
(0.143339,-0.156224)
(-1.0601,0.231509)
(0.376928,-0.0116333)
(-0.132291,-0.897827)
(0.894753,0.682436)
(-0.881756,0.0946126)
(0.210904,0.416573)
(0.199469,-1.03858)
(-0.451834,0.337933)
(0.530476,0.712448)
(-0.488169,-1.00888)
(0.248565,0.811863)
(0.273452,-0.74799)
(-0.195333,0.514705)
(-0.318412,0.0286968)
(0.2167,0.041344)
(-0.351972,-0.19214)
(0.978362,-0.567521)
(-0.808558,0.578556)
(0.596102,0.516798)
(-0.875858,-0.24945)
(0.205121,-1.04285)
(0.549116,1.12526)
(0.0939088,-0.264847)
(-0.501764,-0.531439)
(-0.0856858,0.967058)
(0.215481,-0.861862)
(-0.0663918,0.338025)
(0.424698,0.562002)
(-0.353447,-0.956332)
(-0.345074,-0.0365873)
(0.256571,0.619365)
(0.23863,0.186763)
(0.393021,-0.387392)
(-0.711626,-0.224121)
(-0.522394,0.384711)
(0.69579,-0.190544)
(0.47296,-0.355683)
(-0.101528,0.764361)
(-0.693683,-0.582636)
(0.265897,0.863276)
(-0.536973,-0.854981)
(0.807033,-0.254919)
(0.495287,0.34472)
(-0.900472,0.0553839)
(0.0757965,0.855866)
(-0.309359,-0.871859)
(0.53789,-0.161698)
(0.22612,-0.150282)
(-0.60827,0.501331)
(0.417434,0.0924156)
(0.170162,-0.332997)
(-0.813497,0.239969)
(0.319524,0.408037)
(0.411619,-1.00313)
(-0.0728504,0.168424)
(-0.213025,-0.0380697)
(0.175972,1.19604)
(-0.437018,-0.822748)
(0.222499,0.0939387)
(0.251245,-0.51824)
(-0.172017,0.292626)
(0.444508,-0.140642)
(-1.07571,0.646921)
(0.68207,-0.243879)
(0.353472,-0.0996158)
(-0.768118,0.198954)
(0.594618,-0.832088)
(-0.197778,0.171379)
(-0.320496,0.606015)
(0.550895,0.518527)
(-0.255521,-0.712565)
(-0.327888,-0.000476768)
(0.78246,-0.630219)
(-0.458946,0.386774)
(-0.217857,0.543231)
(-0.386359,0.243576)
(1.31666,-0.604471)
(-0.373159,-0.14306)
(-0.302398,-0.032434)
(-1.02668,0.435464)
(1.15871,-0.520332)
(0.11279,0.435482)
(0.167494,0.162171)
(-0.637437,-0.0264878)
(0.345066,-0.136255)
(-0.923837,-1.41749)
(0.634039,2.00912)
(0.973308,-0.362218)
(-0.96218,-0.43438)
(0.289745,-0.264064)
(-0.167608,0.612593)
(-0.844326,0.106983)
(0.697139,-0.637857)
(1.313,-0.555313)
(-1.36889,1.20418)
(0.142234,0.248762)
(-0.232301,-0.406301)
(-0.0631464,-0.624192)
(0.787778,0.201198)
(-0.474953,-0.0842155)
(0.331365,0.103612)
(-0.209245,0.651215)
(-0.651869,0.570266)
(0.642245,-1.29313)
(0.15721,-1.0427)
(-0.108521,1.07857)
(-0.54204,0.819991)
(0.642981,-0.0153674)
(0.508259,-0.181117)
(-1.33211,-1)
(-0.397527,0.0777892)
(2.05774,0.375582)
(-0.937823,0.579758)
(0.0593735,-0.607954)
(-0.568518,1.03777)
(0.00260748,-0.818261)
(0.638679,-1.03289)
(-0.121617,0.62345)
(-0.0365528,0.501974)
(0.0816197,0.854615)
(-0.236512,-0.792764)
(-0.433859,-0.814573)
(0.456769,0.376478)
(0.277118,-0.189566)
(0.331187,0.893992)
(-0.490928,0.290987)
(-1.09512,-1.40263)
(1.13532,0.702373)
(0.188022,-0.276322)
(0.0488128,0.367836)
(-0.344086,-0.17694)
(-0.150473,0.121468)
(-0.447367,0.111152)
(0.764274,-0.716845)
(0.0589585,0.552927)
(0.273575,0.624446)
(-0.613131,-0.968147)
(-0.716099,-0.0962959)
(0.872014,0.306113)
(0.535576,0.48616)
(-0.672985,-0.224589)
(0.313392,-0.0802439)
(-0.607825,-0.341539)
(0.0426149,-0.304128)
(0.687569,0.815777)
(-0.0499512,0.237674)
(-0.341045,-0.531665)
(-0.233347,-0.0515267)
(-0.194022,-0.107916)
(1.15291,-0.16335)
(-0.23265,0.713898)
(-1.12267,0.0206674)
(0.308334,-0.64352)
(0.604244,0.0853654)
(0.0397599,0.345761)
(0.184722,-0.346465)
(-0.827248,0.35752)
(-0.281837,-0.119247)
(0.671184,-0.195581)
(0.501149,0.232065)
(-0.0856626,-0.407917)
(-0.873088,0.719251)
(0.0776414,-0.404865)
(0.4108,-0.0570394)
(0.134165,-0.103506)
(-0.126649,-0.0594222)
(-0.190583,0.311044)
(0.422397,0.407148)
(-0.512975,-0.265424)
(0.0457873,-0.761205)
(0.249209,-0.0609443)
(-0.0573765,0.759156)
(0.0555364,0.516643)
(-0.220971,-0.445083)
(0.622761,-0.550372)
(-0.585219,0.172406)
(-0.746213,-0.785701)
(1.23918,1.54273)
(-0.0952703,0.0605923)
(0.0543478,-0.597398)
(-0.57611,-0.379176)
(-0.271447,-0.669771)
(0.443489,1.5261)
(0.48955,-0.444205)
(-0.147684,0.673729)
(-0.797456,-1.83341)
(0.621734,1.09088)
(0.125118,0.419323)
(-0.496944,-0.390695)
(0.0824002,-0.483208)
(0.643786,-0.107865)
(-0.573897,1.19042)
(-0.172829,0.0706157)
(0.444667,-1.53551)
(0.137391,0.552073)
(-0.43226,0.124828)
(-0.194562,0.457786)
(0.0305275,-0.129102)
(0.942003,-0.509661)
(-0.327298,0.846875)
(-0.394732,-1.11607)
(-0.791161,0.291144)
(1.00234,0.28082)
(0.0495514,0.908791)
(0.329073,-1.63733)
(-0.217492,1.01382)
(-1.13179,-0.337055)
(0.617476,-0.0983114)
(0.373239,-0.297361)
(0.274322,1.06743)
(-0.00173953,-0.496214)
(-1.32835,-0.492352)
(1.40898,0.546129)
(-0.99259,-0.421181)
(0.640927,0.221327)
(0.328793,0.352825)
(-0.76823,-0.843033)
(0.0939351,0.930469)
(0.315036,-0.367412)
(-0.0928857,-0.21931)
(0.155957,0.0028127)
(-0.549637,0.271775)
(0.484217,-0.297256)
(-0.244009,0.38242)
(0.588448,-0.0751959)
(-0.622719,0.0726771)
(-0.0908061,-0.651983)
(0.0615134,0.30907)
(0.475398,0.21827)
(0.0045367,0.25703)
(-0.571557,-0.212557)
(0.176841,-0.361064)
(0.123937,0.195403)
(0.0932701,0.0850066)
(-0.187039,-0.384219)
(0.0722176,0.714726)
(0.0662133,-0.0449418)
(-0.0625,-0.6875)
(-0.138756,0.328601)
(0.247209,0.0586778)
(-0.188643,-0.0980703)
(0.173369,0.201684)
(-0.199982,-0.0909708)
(0.152723,-0.1496)
(-0.0521735,0.250471)
(0.067407,-0.0907526)
(-0.172282,-0.199972)
(0.143019,0.104735)
(-0.201259,-0.179451)
(0.508301,0.677768)
(-0.44561,-0.284704)
(-0.217597,-0.471901)
(0.742182,0.455131)
(-0.58625,-0.64587)
(-0.0606837,0.49964)
(0.623336,0.586781)
(-0.749585,-0.240159)
(0.603693,-1.06757)
(-0.16485,0.665944)
(-0.568949,0.0405438)
(0.758993,0.264541)
(-0.139003,-0.302442)
(-0.245456,0.33459)
(0.189344,-0.416147)
(-0.317185,-0.0705199)
(0.270321,-0.221581)
(-0.118472,0.963808)
(0.712781,-0.363664)
(-0.898521,-0.0124604)
(-0.461918,-0.684027)
(1.24597,0.16827)
(-0.391969,0.840421)
(-0.1124,-0.314315)
(0.0730786,0.295197)
(-0.310489,-1.39232)
(0.118622,0.357461)
(-0.255738,1.76675)
(1.0596,-0.908616)
(-0.22292,-1.20809)
(-1.26638,1.25469)
(0.488698,-0.747788)
(0.698215,0.772747)
(-0.393946,-0.270826)
(0.31708,-0.0731864)
(-0.819934,-0.0699233)
(0.740672,0.169271)
(0.353268,-0.724877)
(-1.62806,0.767378)
(0.499538,0.31676)
(2.14884,-0.500407)
(-1.74531,0.101699)
(-0.440008,-0.410233)
(0.276537,-0.145405)
(0.531385,0.79276)
(-0.167733,0.405778)
(-0.0785198,-0.991235)
(0.288907,-0.182044)
(-0.258644,0.5103)
(-0.269454,0.378655)
(0.0735096,-1.05556)
(-0.0218949,0.918086)
(0.309359,-0.253141)
(0.912345,0.280433)
(-1.29052,-0.499087)
(-0.683726,-0.1519)
(0.768112,0.127099)
(1.08408,0.186622)
(-0.953309,0.810019)
(-0.0888818,-0.552093)
(0.390731,-1.16294)
(-0.973912,0.705107)
(1.23239,0.323498)
(-0.725603,0.580499)
(0.206304,-0.89486)
(0.467707,0.0700472)
(-0.611155,0.241312)
(0.00493846,-0.489881)
(-0.339586,0.408624)
(1.02884,0.115745)
(-0.353485,0.175278)
(-0.372675,-0.382394)
(0.00869266,-0.160919)
(0.30571,0.0946351)
(-0.174793,0.151721)
(0.108737,0.0527894)
(-0.0743616,0.122286)
(0.0555338,-0.24344)
(-0.135635,0.0589911)
(-0.0137588,-0.130563)
(0.484991,-0.158148)
(-0.657881,0.391399)
(0.352754,0.278187)
(-0.227528,-0.35751)
(0.299936,-0.365823)
(-0.0838116,0.142423)
(-0.233473,0.573741)
(0.550592,-0.641746)
(-0.954082,0.2435)
(0.911637,0.286768)
(-0.274293,-0.0926818)
(-0.182003,-0.510275)
(-0.0799765,-0.213456)
(0.478584,0.916793)
(-0.0501334,0.0412757)
(-0.464325,0.00619922)
(-0.17676,-1.54884)
(0.63029,1.38142)
(0.0363989,-0.457625)
(-0.046085,0.95259)
(-0.534721,-0.618566)
(0.0666912,-0.91052)
(0.637483,0.777183)
(-0.513254,0.225924)
(-0.367039,-0.16357)
(1.70137,0.389282)
(-1.54732,-0.85268)
(-0.58023,-0.345373)
(1.41119,1.39663)
(-0.201217,0.0883084)
(-0.282558,-1.36585)
(-0.275573,-0.0923514)
(0.43125,1.27027)
(-0.151277,0.0743142)
(0.115122,-1.147)
(-0.669457,0.260975)
(0.832107,-0.875)
(-0.301148,1.65159)
(-0.544653,-0.48296)
(-0.0193828,-0.303449)
(1.00418,0.235868)
(-1.16129,-0.719439)
(0.233105,1.10265)
(-0.186759,-0.51578)
(1.22019,-0.424114)
(-0.372243,0.625967)
(-0.965297,0.38524)
(-0.249343,-1.202)
(1.06526,0.785837)
(0.258058,-0.460199)
(-0.413997,0.31133)
(-0.766494,0.37324)
(0.852947,-0.05951)
(-0.257576,-0.860216)
(-0.0856228,0.0709115)
(0.644688,0.943229)
(-1.30473,-0.45127)
(0.983774,0.155963)
(0.362922,-0.521834)
(-0.987485,0.405898)
(0.455999,0.309751)
(-0.444798,-1.13872)
(0.91007,0.785094)
(-0.649531,0.53067)
(0.143413,-0.360809)
(0.288772,-0.45979)
(-0.921026,-0.31636)
(0.890477,0.856486)
(0.0927051,-0.103699)
(-0.662675,-0.118549)
(0.0204743,-0.0642208)
(0.798981,0.0374081)
(-0.553431,-0.283528)
(-0.140943,0.241943)
(0.166418,0.0891459)
(0.00168907,-0.038337)
(0.0992244,0.0799552)
(-0.0971603,-0.14041)
(0.0959834,-0.100011)
(-0.158176,0.0353303)
(0.178947,0.218367)
(-0.342308,-0.332399)
(0.39161,0.208804)
(-0.269971,0.548013)
(0.22429,-0.87863)
(0.1626,0.0678932)
(-0.739029,0.218679)
(0.826061,0.142545)
(-0.409467,0.0145214)
(-0.420841,0.0530464)
(0.628018,-0.507401)
(0.459782,0.70127)
(-0.631664,-0.974662)
(-0.446124,0.808234)
(0.143712,0.0258927)
(0.579743,-0.443359)
(0.0160501,0.567256)
(-0.0786152,-0.403788)
(-0.33058,-0.247607)
(-0.534804,-0.0480888)
(0.832107,-0.875)
(-0.301148,1.65159)
(-0.544653,-0.48296)
(-0.0193828,-0.303449)
(1.00418,0.235868)
(-1.16129,-0.719439)
(0.233105,1.10265)
(-0.186759,-0.51578)
(1.22019,-0.424114)
(-0.372243,0.625967)
(-0.965297,0.38524)
(-0.249343,-1.202)
(1.06526,0.785837)
(0.258058,-0.460199)
(-0.413997,0.31133)
(-0.766494,0.37324)
(0.852947,-0.05951)
(-0.257576,-0.860216)
(-0.0856228,0.0709115)
(0.644688,0.943229)
(-1.30473,-0.45127)
(0.983774,0.155963)
(0.362922,-0.521834)
(-0.987485,0.405898)
(0.455999,0.309751)
(-0.444798,-1.13872)
(0.91007,0.785094)
(-0.649531,0.53067)
(0.143413,-0.360809)
(0.288772,-0.45979)
(-0.921026,-0.31636)
(0.890477,0.856486)
(0.0927051,-0.103699)
(-0.662675,-0.118549)
(0.0204743,-0.0642208)
(0.798981,0.0374081)
(-0.553431,-0.283528)
(-0.140943,0.241943)
(0.166418,0.0891459)
(0.00168907,-0.038337)
(0.0992244,0.0799552)
(-0.0971603,-0.14041)
(0.0959834,-0.100011)
(-0.158176,0.0353303)
(0.178947,0.218367)
(-0.342308,-0.332399)
(0.39161,0.208804)
(-0.269971,0.548013)
(0.22429,-0.87863)
(0.1626,0.0678932)
(-0.739029,0.218679)
(0.826061,0.142545)
(-0.409467,0.0145214)
(-0.420841,0.0530464)
(0.628018,-0.507401)
(0.459782,0.70127)
(-0.631664,-0.974662)
(-0.446124,0.808234)
(0.143712,0.0258927)
(0.579743,-0.443359)
(0.0160501,0.567256)
(-0.0786152,-0.403788)
(-0.33058,-0.247607)
(-0.534804,-0.0480888)
(1.38702,0.611136)
(-0.872163,0.395497)
(-0.19618,-1.12495)
(0.470657,0.396302)
(0.244714,0.201962)
(0.0256329,-0.411713)
(-1.21083,0.11396)
(0.43203,0.464705)
(1.27825,0.110873)
(-1.48195,-0.4456)
(1.23971,-0.312728)
(-0.544342,-0.357705)
(-0.483206,1.41393)
(-0.36166,-0.839747)
(1.13744,0.577553)
(0.296748,-0.236705)
(-0.90193,-0.635233)
(0.390355,-0.645172)
(-1.10394,1.39478)
(1.66904,0.925091)
(-1.3483,-1.0483)
(0.99021,-1.09099)
(0.165007,0.38885)
(-1.11019,0.535789)
(0.288024,0.577341)
(0.602956,-0.389762)
(-0.191969,-0.266577)
(-0.559907,-0.159701)
(0.394007,-0.16061)
(0.628077,0.0907229)
(-0.731851,0.852654)
(-0.147124,-0.250223)
(0.176215,-0.393174)
(0.0331881,-0.265323)
(0.304358,-0.0714291)
(-0.21218,0.482418)
(0.212549,0.508003)
(-0.513092,-0.645346)
(0.412151,-0.134707)
(-0.737286,0.298225)
(0.668382,-0.547996)
(0.574988,0.550903)
(-0.275087,0.0183471)
(-0.93749,0.236632)
(0.108083,-0.438415)
(0.423674,-0.214986)
(0.435767,-0.107322)
(0.208698,0.71176)
(-1.04683,0.00532065)
(0.137402,-0.400585)
(0.124413,0.167786)
(0.758223,-0.367201)
(-0.957888,-0.241598)
(0.586251,1.12103)
(-0.191652,-0.260769)
(-0.163274,-0.638064)
(0.256578,0.161188)
(-0.0987896,-0.0848005)
(-0.251135,0.568705)
(0.353698,-0.372982)
(-0.114757,-0.129297)
(0.20696,0.187162)
(-0.0566091,0.16621)
(-0.52805,-0.0238075)
(0.0625,-0.8125)
(0.592019,0.599864)
(0.0698716,0.375076)
(-0.329194,0.0668579)
(-0.246003,-0.558926)
(0.0334256,-0.349776)
(0.222875,0.606497)
(0.0479127,-0.146818)
(0.0507285,0.202762)
(0.0801039,0.208415)
(-0.355174,-0.438789)
(-0.0295991,-0.365995)
(-0.281869,0.270287)
(0.930061,0.322568)
(0.0510923,0.192134)
(-0.597452,-0.255777)
(-0.470302,-0.0686106)
(-0.0311213,-0.872633)
(1.12778,1.38094)
(0.35167,-0.40957)
(-1.05978,-0.185656)
(-0.983769,0.0241604)
(1.18181,-0.0504168)
(0.7606,0.415598)
(-0.835015,-0.372462)
(-0.326634,-0.903698)
(0.864711,1.78201)
(-0.771703,-0.324356)
(-0.498181,-1.22159)
(1.2002,0.586028)
(0.269767,0.399092)
(-0.780811,-0.0677743)
(-0.403243,-0.564901)
(0.396562,0.190064)
(-0.357564,0.706353)
(1.54611,-0.656061)
(-1.54165,0.249674)
(0.214619,-0.539877)
(0.895374,0.0487562)
(-1.40987,0.958817)
(0.548877,-0.0445638)
(0.637123,-1.3255)
(-0.415219,0.766228)
(0.155985,0.134177)
(-0.18151,-0.0691804)
(-0.500446,-0.166608)
(0.355096,0.122875)
(0.410609,0.389698)
(-0.0579413,-0.927037)
(0.00761308,0.716443)
(-0.223885,-0.0285953)
(-0.912646,-0.695003)
(1.16742,0.81941)
(0.136503,0.0525245)
(-0.0539766,-0.766587)
(-0.680913,1.04052)
(-0.0363853,-1.21254)
(0.87386,0.209859)
(-0.873838,0.713301)
(0.524487,0.18134)
(-0.124796,-0.348159)
(0.298979,-0.503051)
(-0.600096,-0.265534)
(0.256851,0.614571)
(-0.268306,0.345971)
(0.61964,0.583176)
(-0.253127,-1.44889)
(0.112934,-0.328939)
(-0.472316,1.04296)
(0.0123651,0.266869)
(0.436819,-0.518465)
(0.174686,0.157618)
(-0.505926,-0.263099)
(0.167701,-0.0679724)
(-0.0886846,0.423664)
(-0.0303702,-0.0994257)
(0.26775,-0.219639)
(0.0469517,-0.167602)
(-0.431877,0.772208)
(0.307535,-0.532219)
(-0.07444,0.158238)
(-0.11782,-0.440644)
(0.282622,-0.205781)
(-0.280811,1.24765)
(0.213503,-0.486326)
(0.172677,-0.204512)
(-0.746715,-0.432228)
(0.266416,0.25219)
(1.10562,-0.108003)
(-1.54944,1.0262)
(0.792401,-0.508158)
(0.0331952,-0.915858)
(-0.302267,0.798327)
(-0.0449923,-0.27209)
(0.265596,0.217919)
(0.205909,0.0132862)
(-0.374668,0.0818518)
(-0.176796,-0.34499)
(0.369094,0.150089)
(-0.175148,0.0747978)
(0.267469,-0.122059)
(-0.181288,-0.274142)
(-0.296623,0.84601)
(0.354989,-0.424201)
(0.0604646,-0.172482)
(-0.0886402,0.134665)
(-0.219453,-0.832853)
(0.209106,1.28019)
(-0.404821,-0.0570416)
(0.893535,-0.174164)
(-0.0451792,-1.19149)
(-1.50995,1.12122)
(1.04908,0.0120178)
(0.252223,-0.306145)
(0.319958,0.568841)
(-1.10029,-0.974684)
(0.24421,0.619593)
(0.514261,-0.00540347)
(-0.159179,-0.29638)
(-0.294602,0.372752)
(0.233985,-0.24397)
(0.130443,0.219955)
(-0.0344277,-0.363405)
(-0.378392,0.199187)
(-0.0553173,0.0265965)
(0.448667,0.420795)
(0.42801,-1.01552)
(-0.940154,0.525446)
(0.582107,0.5)
(-0.783284,-0.571121)
(0.539724,0.0337837)
(0.520217,0.340085)
(-0.347328,-0.609119)
(-0.00834723,-0.0596236)
(-0.848473,1.2511)
(0.537691,-0.713885)
(0.471019,-0.400178)
(0.374728,-0.0308406)
(-0.807541,-0.0621781)
(-0.312983,0.914446)
(0.158594,0.179049)
(0.49753,-1.15345)
(0.0116674,-0.237609)
(-0.0644382,0.598648)
(-0.140931,0.725323)
(0.0316094,-0.438092)
(-0.546369,-0.370675)
(0.0435457,-0.487806)
(1.1649,0.985171)
(-0.0879901,-0.0522657)
(-0.640683,-0.546343)
(-0.975614,0.311575)
(0.882322,-0.0063832)
(0.287226,0.00100769)
(0.630127,-0.409694)
(-0.852016,0.780042)
(-0.33138,-0.465972)
(0.133689,-0.274129)
(0.259707,0.740494)
(0.271962,-0.765614)
(-0.659647,0.597418)
(1.00483,-0.40303)
(-0.539426,0.175262)
(-0.642075,0.136)
(0.363786,-0.43392)
(0.37217,0.386911)
(0.0772232,0.0606401)
(-0.442058,-0.463779)
(0.671718,0.581169)
(-0.918506,-0.335371)
(0.18221,-0.192422)
(0.302669,0.0651253)
(0.292637,0.687986)
(-0.636595,-0.274716)
(0.508899,-0.814997)
(0.0294772,0.356894)
(-0.72809,0.431899)
(0.412974,0.248775)
(0.161581,-0.683065)
(0.106725,0.0525487)
(-0.417219,0.229609)
(0.437689,-0.283482)
(-0.111448,0.550328)
(-0.176392,-0.438318)
(-0.420305,0.180874)
(0.246764,-0.0612614)
(0.967379,-0.206911)
(-0.572148,0.247511)
(0.0447633,0.167183)
(-0.857345,-0.374138)
(0.0431281,-0.186572)
(1.06571,0.853914)
(0.237976,-0.361136)
(-0.709095,-0.299468)
(-0.640265,-0.35376)
(1.25312,0.271627)
(-1.26476,0.946668)
(0.694709,-0.0910086)
(0.133887,-1.26414)
(0.134854,0.165546)
(-0.00103027,0.220306)
(-0.444508,0.721617)
(-0.419061,0.233193)
(0.00884128,-0.687915)
(1.44489,-0.798805)
(-0.49926,0.280064)
(-0.57821,1.17778)
(0.151572,-0.522842)
(-0.317509,0.307667)
(-0.131621,-1.10392)
(1.03248,0.502185)
(-0.324306,0.150784)
(0.503775,0.417307)
(-1.78678,-0.795739)
(1.05222,0.910386)
(0.0802414,-1.18387)
(-0.0202072,0.799275)
(-0.13783,0.439672)
(0.925227,-1.12725)
(-1.00067,0.354886)
(-0.965001,-0.2289)
(1.51338,1.74047)
(0.164576,-1.48044)
(-0.607312,-0.611121)
(-0.389603,0.606562)
(0.93178,0.209866)
(-0.585769,0.327883)
(-0.172049,0.18274)
(0.295078,-1.17872)
(0.0947152,0.583377)
(0.17209,-0.387426)
(-0.787014,0.527647)
(0.777021,0.579693)
(-0.0728981,-0.619335)
(-0.345079,-0.86284)
(-0.14326,1.20326)
(-0.0427974,-0.522994)
(1.21291,-0.156728)
(-0.996739,0.770967)
(-0.0761715,-0.67943)
(0.0781344,0.297641)
(-0.0481917,-0.205344)
(0.107547,-0.120795)
(0.621569,0.127022)
(-1.07637,0.196837)
(1.11184,0.388015)
(-0.916292,-0.836033)
(-0.153255,-0.0330601)
(0.553616,0.515825)
(0.28883,0.185339)
(-0.163761,-0.52153)
(-0.573038,0.0685836)
(0.369867,-0.0586402)
(-0.0435939,0.672477)
(0.132995,-0.715161)
(-0.358458,0.257469)
(0.4375,-0.3125)
(0.00893669,0.437788)
(-0.188756,-0.296173)
(-0.124508,0.355261)
(-0.0300495,-0.0703463)
(0.0697804,-0.399716)
(0.228451,0.206463)
(0.0208197,-0.0777897)
(-0.139428,-0.0422498)
(0.133267,0.536402)
(-0.767193,0.0609489)
(0.898603,-0.789704)
(-0.493086,-0.262347)
(0.514743,0.822057)
(-0.227989,-0.0784327)
(-0.0919389,0.245191)
(-0.10783,-0.420426)
(0.0288729,-0.032206)
(-0.325732,-0.510185)
(0.819204,0.800467)
(-0.242461,0.0397758)
(0.388915,0.0221979)
(-1.14271,-0.772505)
(-0.0921924,0.715464)
(0.767726,-0.155562)
(0.848064,-0.391652)
(-1.00492,0.614978)
(-0.114418,-0.698659)
(-0.0513922,0.770881)
(-0.105611,0.0441014)
(0.724427,-0.813505)
(-0.452887,0.319775)
(0.720185,-0.178818)
(-0.922522,0.269205)
(-0.510291,0.651501)
(0.928592,-0.802687)
(0.514549,0.290553)
(-0.563466,-0.659071)
(-0.662845,0.40724)
(0.769337,0.0509794)
(-0.471533,0.648157)
(0.412773,-0.646753)
(0.193455,0.464171)
(-0.22235,-1.01978)
(-0.427269,0.167973)
(-0.466577,-0.0696181)
(1.59019,2.37148)
(-0.664967,-2.17423)
(0.134965,-0.156561)
(-0.913368,0.199949)
(0.457035,0.16847)
(0.37535,-0.108445)
(-0.253761,1.03923)
(0.498255,-0.485993)
(-0.344947,-0.629303)
(-0.442291,-0.486333)
(-0.155765,0.664967)
(0.712037,0.598764)
(0.212671,-0.16697)
(-0.382105,-0.00137902)
(-0.0515363,-0.865569)
(-0.374226,0.00205389)
(0.348624,0.910159)
(0.257433,-0.0804252)
(-0.356694,-0.0959708)
(0.460754,-0.624186)
(-0.605688,0.330693)
(0.338092,0.550022)
(0.190818,-0.393037)
(-0.975156,-0.595723)
(1.29121,0.398948)
(-0.474304,0.679682)
(-0.666689,-0.111407)
(1.13389,-0.912473)
(-0.251594,0.0310009)
(-1.09971,0.825171)
(0.673125,-0.323419)
(0.644932,0.0658649)
(-0.578906,-0.21526)
(0.225113,0.16147)
(-0.340004,-0.00744949)
(-0.112775,-0.358452)
(0.393469,0.424606)
(-0.0663055,-0.00859045)
(0.0573338,-0.0615013)
(-0.0903392,0.0202809)
(-0.0559757,-0.193636)
(0.0323912,0.0353694)
(-0.0231444,0.163148)
(-0.0585854,-0.0936021)
(0.0293394,0.0643545)
(0.197432,0.0117278)
(0.00580965,0.0531774)
(0.143283,-0.221646)
(-0.822021,-0.111641)
(0.28264,0.37916)
(0.338056,-0.0452401)
(0.60287,-0.182424)
(-0.926207,0.158195)
(0.341223,-0.0235806)
(-0.637609,-0.240249)
(0.340043,0.133563)
(0.880164,0.113148)
(-0.617649,-0.126315)
(-0.354154,0.290281)
(0.31322,-0.0101136)
(-0.290383,-0.622168)
(0.529193,0.0844275)
(-0.16762,0.675517)
(-0.251481,-0.236976)
(0.273274,-0.140038)
(-0.182135,0.286504)
(-0.153606,-0.784649)
(0.200558,0.551238)
(0.64788,-0.216123)
(-0.678886,0.73092)
(-0.695374,-0.472592)
(0.387702,-0.04803)
(1.25684,-0.804372)
(-0.155929,0.962266)
(-1.71427,-0.00589846)
(0.485504,0.510443)
(0.94704,-0.942649)
(-0.871196,-0.561647)
(1.3994,0.749016)
(-0.873937,0.954997)
(-1.071,-0.854174)
(0.697589,-0.129849)
