(1.70711,-0.4375)
(0.289053,0.863671)
(-0.59489,-0.444116)
(0.27607,0.30089)
(-0.650139,-1.26652)
(0.110312,1.46118)
(0.483343,-0.266942)
(-0.134337,0.215084)
(0.447634,-1.44323)
(-1.00089,1.27753)
(0.750944,0.0918481)
(-0.617344,-0.592826)
(0.234293,0.116331)
(0.653417,0.61341)
(-0.468861,-0.96962)
(-0.230844,0.473638)
(-0.261688,0.0572551)
(0.785844,-0.0945212)
(0.133448,0.397981)
(-1.10904,-0.521011)
(0.616542,-0.238119)
(0.0860911,0.439249)
(0.355303,0.368762)
(-0.729262,-0.267797)
(0.291812,-0.562456)
(-0.17027,0.136435)
(0.437231,0.588674)
(-0.197815,-0.0962244)
(-0.601385,0.00882042)
(0.997328,-0.545404)
(0.059347,-0.332093)
(-1.18234,1.18592)
(0.463489,-0.314008)
(0.386599,0.0156523)
(-0.289691,-0.340135)
(0.735717,-0.514973)
(-0.616466,0.564767)
(-0.623244,0.214477)
(0.504318,0.737886)
(0.157383,-1.02355)
(0.315264,-0.559034)
(-0.217972,0.237948)
(-0.25066,0.938506)
(-0.0257976,-0.193979)
(-0.193711,0.168129)
(0.443271,-0.907935)
(0.151264,-0.132678)
(-0.413112,0.527894)
(0.325453,0.694921)
(-0.120023,-0.238108)
(-0.155305,-1.13194)
(-0.425277,0.573828)
(0.357552,0.562877)
(1.0243,-0.40125)
(-0.51821,-0.0515526)
(-1.1213,-0.202328)
(0.631743,0.173936)
(0.291036,0.692188)
(-0.26045,-0.946032)
(0.405143,0.176467)
(-0.117451,0.276749)
(-0.309633,-0.21168)
(-0.164422,0.0198773)
(0.718472,-0.0643781)
(1.70711,-0.4375)
(0.289053,0.863671)
(-0.59489,-0.444116)
(0.27607,0.30089)
(-0.650139,-1.26652)
(0.110312,1.46118)
(0.483343,-0.266942)
(-0.134337,0.215084)
(0.447634,-1.44323)
(-1.00089,1.27753)
(0.750944,0.0918481)
(-0.617344,-0.592826)
(0.234293,0.116331)
(0.653417,0.61341)
(-0.468861,-0.96962)
(-0.230844,0.473638)
(-0.261688,0.0572551)
(0.785844,-0.0945212)
(0.133448,0.397981)
(-1.10904,-0.521011)
(0.616542,-0.238119)
(0.0860911,0.439249)
(0.355303,0.368762)
(-0.729262,-0.267797)
(0.291812,-0.562456)
(-0.17027,0.136435)
(0.437231,0.588674)
(-0.197815,-0.0962244)
(-0.601385,0.00882042)
(0.997328,-0.545404)
(0.059347,-0.332093)
(-1.18234,1.18592)
(0.463489,-0.314008)
(0.386599,0.0156523)
(-0.289691,-0.340135)
(0.735717,-0.514973)
(-0.616466,0.564767)
(-0.623244,0.214477)
(0.504318,0.737886)
(0.157383,-1.02355)
(0.315264,-0.559034)
(-0.217972,0.237948)
(-0.25066,0.938506)
(-0.0257976,-0.193979)
(-0.193711,0.168129)
(0.443271,-0.907935)
(0.151264,-0.132678)
(-0.413112,0.527894)
(0.325453,0.694921)
(-0.120023,-0.238108)
(-0.155305,-1.13194)
(-0.425277,0.573828)
(0.357552,0.562877)
(1.0243,-0.40125)
(-0.51821,-0.0515526)
(-1.1213,-0.202328)
(0.631743,0.173936)
(0.291036,0.692188)
(-0.26045,-0.946032)
(0.405143,0.176467)
(-0.117451,0.276749)
(-0.309633,-0.21168)
(-0.164422,0.0198773)
(0.718472,-0.0643781)
(-1.10355,0.84283)
(0.833473,-0.836483)
(0.337177,-0.569277)
(-0.2336,0.697212)
(-0.533769,0.161728)
(0.0739914,0.313065)
(-0.740606,-0.463886)
(1.86857,-0.181302)
(-0.241576,-0.505219)
(-0.717162,0.937383)
(-0.894849,0.196728)
(0.637319,-0.505665)
(0.887108,-0.148082)
(-0.307419,0.0816516)
(-0.113401,0.174501)
(-0.894475,0.267315)
(0.818684,-0.898531)
(0.212121,0.670589)
(-0.328951,0.0488887)
(-0.0184904,-0.0559835)
(-0.252107,0.46342)
(0.446307,-1.58583)
(0.123532,1.09469)
(-0.305332,-0.0237136)
(-0.252941,0.222185)
(0.259901,0.231851)
(0.0400623,-0.685537)
(0.121195,-0.426905)
(-0.0323853,0.338245)
(-0.321722,0.863104)
(0.395128,-0.815525)
(-0.412862,0.892714)
(0.335148,-0.621576)
(-0.244042,-0.748646)
(0.172551,-0.0187519)
(0.438847,1.46673)
(-0.786624,-0.130522)
(0.125126,-0.731237)
(0.00894013,-0.00592675)
(0.744022,-0.80431)
(-0.766615,1.64975)
(0.110926,-0.630131)
(0.00414722,-0.425597)
(0.327721,0.69186)
(-0.12302,-0.51933)
(-0.604211,0.633507)
(0.689118,-1.27834)
(-0.180185,0.881395)
(0.0567897,0.129345)
(0.00126757,-0.39455)
(-0.175714,0.826467)
(0.15997,-0.281004)
(-0.345712,-1.5528)
(0.138198,1.00857)
(0.609871,0.556398)
(-0.465331,0.163318)
(0.381142,-0.173593)
(-1.21922,-0.892908)
(0.763101,0.241559)
(0.317829,-0.22634)
(0.038076,1.23865)
(-0.0466227,-0.440819)
(-0.302763,-0.0881063)
(-0.71945,-1.05116)
(0.875,1.3125)
(0.513486,-0.435834)
(-0.573631,-0.375704)
(-0.238452,0.204375)
(-0.0197249,0.724342)
(0.542171,0.0186786)
(-0.437201,-1.03074)
(0.101194,-0.620112)
(-0.187166,1.40445)
(0.646549,0.165319)
(-0.542254,-0.333014)
(-0.0404679,0.0499569)
(0.351408,-0.520473)
(-0.661369,-0.306766)
(0.896225,0.354638)
(-0.418168,0.795604)
(-0.519292,0.291106)
(0.737943,-0.945093)
(0.337341,-1.08151)
(-0.584574,1.47923)
(-1.10041,-0.196695)
(1.28969,0.215078)
(0.204105,-0.071878)
(0.461369,-0.649178)
(-1.38834,0.410018)
(0.245445,0.0412183)
(-0.257455,-0.0423409)
(0.879098,-0.257683)
(0.0960144,0.578632)
(0.02149,-0.0425182)
(-0.573079,-0.57664)
(-0.882002,0.207526)
(1.09307,0.0729994)
(0.518598,0.173752)
(-0.413317,-0.579223)
(-0.524831,1.01386)
(0.486986,-0.579031)
(-0.236809,-0.0110348)
(-0.0741489,-0.420094)
(0.186069,0.0661503)
(-0.00370697,0.985236)
(-0.0588659,-0.279974)
(0.552946,-0.630682)
(-0.641343,-0.0216885)
(-0.197206,0.255018)
(-0.209426,0.24447)
(0.921791,-0.187913)
(0.306374,0.122068)
(-0.865903,-0.121679)
(-0.343313,-0.51552)
(0.607689,1.19518)
(-0.134694,-1.09846)
(0.236976,0.528086)
(-0.242336,-0.352795)
(-0.0070474,0.436848)
(0.212281,-0.173925)
(-0.0427517,0.396176)
(-0.225063,-1.03949)
(-0.625764,0.526473)
(1.093,-0.0195054)
(0.371726,1.04784)
(-0.747615,-1.57344)
(-0.390704,0.688752)
(-0.27499,-0.159495)
(1.11872,0.275888)
(-0.0166848,-0.255253)
(-0.254186,-0.0362741)
(-0.454696,0.108402)
(-0.0390181,0.497891)
(0.482457,-0.638793)
(-0.288123,-0.214661)
(0.432137,0.564358)
(0.0430277,-0.709414)
(-0.64751,1.2135)
(0.0439633,-0.701591)
(-0.33892,0.0597881)
(1.70938,-0.117772)
(-0.79998,-0.834333)
(-1.1641,1.38178)
(0.948234,-0.100867)
(-0.326885,-0.418968)
(0.508527,0.362106)
(0.142123,-0.779757)
(-0.45252,-0.177425)
(-0.325218,0.797222)
(-0.0605361,0.293878)
(1.04386,0.0827128)
(-0.811076,-0.655187)
(0.325611,-0.592796)
(-0.0766489,0.198064)
(-0.0141296,0.932862)
(-0.241211,0.135316)
(-0.266305,-0.513671)
(0.58362,0.204956)
(0.790792,-1.11105)
(-0.87838,0.369255)
(-0.923396,0.814485)
(0.739919,0.641766)
(0.489627,-0.86263)
(0.0219804,-0.867733)
(-0.498032,0.357822)
(-0.00168684,0.794791)
(0.485,-0.424251)
(-0.965727,0.240072)
(0.553479,0.0498349)
(0.751865,-0.334105)
(-0.834992,-0.650571)
(-0.32608,1.10854)
(0.922803,-0.450425)
(-0.318253,0.119076)
(-0.370113,0.495102)
(-0.24496,-0.673229)
(0.570657,-0.705475)
(0.824599,0.926021)
(-1.00729,0.425507)
(-0.373215,-0.211064)
(-0.036178,-0.76137)
(0.794156,0.451858)
(0.280087,-0.197421)
(-0.622802,0.227076)
(-0.297722,0.293248)
(0.519378,-0.206425)
(-0.413538,-0.110287)
(0.46969,-0.750625)
(-0.436915,0.995962)
(0.465442,0.1257)
(-0.278021,-0.157572)
(0.273499,-0.402929)
(-0.832107,-0.3125)
(0.910187,0.472111)
(-0.402451,0.421982)
(-0.110404,-0.160179)
(0.689275,-0.198607)
(-0.705922,-0.781798)
(0.195949,1.03852)
(-0.179261,0.0156505)
(0.424275,-0.707517)
(-0.744471,0.524901)
(1.10401,0.291322)
(-0.551653,-0.565734)
(-0.309863,-0.351684)
(0.292801,0.231366)
(-0.060403,1.15352)
(-0.0246661,-0.721373)
(0.0899614,-0.95213)
(0.114995,0.908541)
(-0.363524,0.238892)
(0.806268,-0.687184)
(-0.776301,0.286794)
(-0.638543,0.47251)
(0.769917,-0.758091)
(1.04561,0.521901)
(-0.73728,-0.541281)
(-0.575784,0.492954)
(-0.529956,-0.0654077)
(1.0109,0.0706739)
(0.243936,-0.447243)
(-0.383777,0.275342)
(0.677781,0.242188)
(-1.24846,-0.204532)
(-0.301878,-0.27438)
(1.28838,0.409905)
(0.00941877,-0.228117)
(-0.548384,0.0936984)
(0.508052,-0.0582908)
(-0.951579,0.433689)
(0.092932,-0.826004)
(1.00099,0.558365)
(-0.490368,-0.616747)
(-0.0334342,0.920984)
(0.254643,0.125403)
(-0.982943,-0.957635)
(0.684811,0.091029)
(0.80504,-0.125843)
(-1.35013,1.36003)
(0.86036,-1.18526)
(-0.589127,0.38797)
(0.402371,-0.350453)
(0.0708276,-0.0022965)
(-0.502307,0.644019)
(0.644006,-0.80309)
(-0.408773,0.814557)
(-0.0483751,-0.851654)
(0.263579,0.679053)
(-0.15313,-0.0576022)
(-0.116346,-0.413001)
(0.393886,-0.247388)
(-0.228729,0.705093)
(-0.0892334,0.217013)
(-0.128187,-0.615624)
(-0.0701126,-0.00725321)
(0.905797,0.175547)
(-0.396447,-0.21783)
(-0.826699,0.263403)
(0.185076,0.0813602)
(0.991656,0.162001)
(-0.402843,-0.626387)
(-0.377893,0.311877)
(-0.313956,0.00277465)
(1.01497,-0.22789)
(-0.335927,0.295343)
(-0.364016,0.57076)
(-0.304512,-0.790106)
(0.840418,-0.421484)
(-0.197533,0.790112)
(-0.165755,-0.169072)
(0.18246,-0.103996)
(-0.419618,0.391363)
(-0.176026,-0.332375)
(0.757117,-0.320137)
(-0.110509,0.308758)
(-0.0775989,-0.00159743)
(-0.236498,0.461805)
(-0.44507,-1.02136)
(1.18504,1.01039)
(-1.23265,-0.341817)
(0.535764,-0.731125)
(0.729559,1.12913)
(-0.290333,-0.275212)
(-1.18397,-1.01914)
(0.320012,1.40987)
(0.658911,-0.552558)
(0.55259,-0.3567)
(-0.783761,0.823083)
(-0.143206,-1.02747)
(0.16357,0.148495)
(-0.258695,0.782272)
(0.179813,0.143666)
(0.196131,-0.93237)
(0.496757,0.0561643)
(-0.479148,0.339645)
(-0.31543,0.0692948)
(-0.633539,-0.173209)
(0.952014,0.248693)
(0.439906,-0.0522458)
(-0.253545,0.106212)
(-0.124947,-0.80778)
(-0.841002,-0.229588)
(0.622847,2.37727)
(-0.49351,-1.83859)
(1.31311,-0.336976)
(-0.121236,1.2321)
(-0.987708,-1.00102)
(-0.283293,-0.138743)
(0.284625,1.12829)
(0.909379,-0.313051)
(-0.260745,-0.591264)
(-0.486067,0.142171)
(0.139314,0.2176)
(-0.103193,-0.287039)
(0.0949198,0.63967)
(-0.0483918,-0.810826)
(0.190562,0.644032)
(0.246852,0.0882144)
(-0.358188,-0.871566)
(-0.512445,0.311697)
(0.75,0.4375)
(-0.238773,0.297247)
(0.149854,-0.801944)
(-0.349533,-0.0697608)
(0.535988,0.431786)
(-0.411759,0.338637)
(-0.15325,-0.562759)
(0.256129,-0.148334)
(0.0866572,0.383016)
(-0.115661,0.0630918)
(0.282002,-0.0795493)
(-0.386085,-0.119806)
(-0.263903,-0.196983)
(0.49402,0.488025)
(0.163968,-0.238415)
(-0.256925,-0.482167)
(-0.266088,1.06088)
(0.342925,-0.446966)
(0.102144,-0.603673)
(-0.63384,0.780416)
(0.574798,-0.908835)
(0.0400504,0.737569)
(-0.0604006,0.674705)
(-0.253047,-0.99484)
(-0.0617421,-0.440164)
(0.233455,0.506596)
(-0.0986163,0.521295)
(0.3069,-0.169223)
(0.0901548,-0.659069)
(-0.860555,0.671976)
(0.2989,-0.33338)
(0.668399,0.154928)
(-0.754685,-0.484611)
(0.601053,0.574628)
(-0.0017843,0.188581)
(-0.631388,-0.281993)
(-0.0156754,-0.393538)
(0.260791,-0.00123558)
(0.937408,0.783347)
(-1.17016,-0.661457)
(0.484573,0.671146)
(-0.460143,-0.963976)
(-0.185544,0.406218)
(1.1513,0.446185)
(-0.455949,-0.472453)
(-0.185713,0.0777745)
(-0.761441,0.0635488)
(1.04773,-0.273085)
(-0.0346375,0.703002)
(-0.159759,-0.692613)
(-0.5861,0.168541)
(0.619463,0.176119)
(-0.12115,-0.0348171)
(0.348277,-0.498718)
(-0.576875,0.857891)
(-0.0439554,-0.481142)
(-0.0762747,0.121374)
(0.975663,-0.35377)
(-0.239912,0.309526)
(-1.01293,0.110771)
(0.193088,-0.114888)
(0.710225,-0.239568)
(0.0396125,0.612074)
(-0.329398,-0.632812)
(-0.118718,0.0991117)
(-0.19402,0.130288)
(0.372781,0.143854)
(0.12876,0.184391)
(-0.0834689,-0.886439)
(-0.345321,0.754675)
(0.299597,-0.0198294)
(0.0442737,-0.288823)
(-0.383371,0.0148091)
(0.307203,0.112198)
(0.0575403,0.264028)
(0.293128,-0.679827)
(-0.71271,0.888091)
(0.0678364,-0.74397)
(0.279466,0.149276)
(0.16021,-0.030402)
(0.141335,0.692767)
(-0.482252,-0.973997)
(-0.126608,0.631133)
(0.386368,0.0223083)
(-0.415754,-0.850099)
(0.856394,0.783809)
(-0.544597,0.0133182)
(0.0289631,-0.121268)
(-0.273543,-0.0321483)
(-0.0486626,0.18338)
(0.343302,-0.626733)
(0.543896,0.123737)
(-0.436132,0.39576)
(-0.719121,0.518481)
(0.411048,-0.149034)
(0.207833,-1.19249)
(0.231454,-0.165437)
(0.0374196,1.45856)
(-0.959369,-0.0511255)
(0.956597,-0.274974)
(-0.47778,-0.373733)
(0.294169,-0.52743)
(-0.444933,0.419504)
(0.728109,0.598805)
(-0.312639,0.260787)
(-0.72045,-0.474558)
(0.860804,-1.11577)
(0.107351,1.25333)
(-0.50385,-0.259262)
(-0.368804,-0.266252)
(0.998626,1.02069)
(-0.416724,-0.937378)
(-0.276347,-0.251108)
(0.417817,0.0311711)
(-0.348764,1.04809)
(-0.131898,-0.681726)
(0.601938,-0.17557)
(-0.118567,0.149126)
(-0.63158,0.339566)
(0.571395,-0.690931)
(-0.0216602,0.296628)
(-0.219264,0.487849)
(0.147987,-0.296046)
(-0.482714,-0.401724)
(0.729131,0.118829)
(-0.0400838,0.540976)
(0.294773,-0.38337)
(-1.98936,0.0383848)
(0.582107,0.375)
(0.691521,-0.350789)
(-0.360703,0.783172)
(-0.189882,-0.871237)
(-0.664352,0.478083)
(0.463528,-0.228055)
(0.164522,-0.387859)
(0.212352,0.478407)
(-0.288467,0.559592)
(0.235169,-0.30122)
(0.332477,-1.23921)
(-1.68103,1.33941)
(1.15872,-0.672289)
(0.19678,0.583992)
(0.133537,-0.188115)
(0.336769,-0.0840007)
(-1.47437,-0.186503)
(0.442701,-0.0126019)
(0.446596,0.177066)
(0.203716,-0.063982)
(-0.0126284,0.598065)
(-0.740655,-0.728482)
(1.06732,-0.0823267)
(-1.1202,0.197074)
(0.183443,0.261753)
(0.613293,-0.344655)
(0.224722,0.52585)
(-1.01895,-0.578872)
(0.807808,0.31091)
(-0.631369,-0.628185)
(0.650755,1.07392)
(-0.750296,-0.580238)
(0.582444,-0.368272)
(0.378386,0.97116)
(-0.745724,-0.957103)
(-0.369578,0.412603)
(0.692698,-0.060897)
(0.514026,0.444368)
(-0.383264,-0.936418)
(-1.04486,0.471572)
(0.391441,0.458238)
(1.11984,-0.224682)
(-0.0926499,-0.481004)
(-1.13383,-0.0394352)
(0.121309,0.443167)
(0.643315,0.183531)
(-0.530364,0.0390342)
(0.809239,-0.663775)
(-0.495106,0.0734394)
(0.0185736,0.163252)
(-0.400646,0.472503)
(0.162936,-0.138297)
(0.21221,-0.59094)
(0.685665,0.496099)
(-0.830533,-0.44536)
(-0.442421,0.545582)
(0.587026,-0.15773)
(0.752222,-0.124691)
(-1.36063,-0.00767489)
(0.289965,-0.0899636)
(0.588606,0.441688)
(0.248098,-0.503404)
(-0.54201,0.469225)
(-0.948931,-0.728063)
(0.582107,0.375)
(0.691521,-0.350789)
(-0.360703,0.783172)
(-0.189882,-0.871237)
(-0.664352,0.478083)
(0.463528,-0.228055)
(0.164522,-0.387859)
(0.212352,0.478407)
(-0.288467,0.559592)
(0.235169,-0.30122)
(0.332477,-1.23921)
(-1.68103,1.33941)
(1.15872,-0.672289)
(0.19678,0.583992)
(0.133537,-0.188115)
(0.336769,-0.0840007)
(-1.47437,-0.186503)
(0.442701,-0.0126019)
(0.446596,0.177066)
(0.203716,-0.063982)
(-0.0126284,0.598065)
(-0.740655,-0.728482)
(1.06732,-0.0823267)
(-1.1202,0.197074)
(0.183443,0.261753)
(0.613293,-0.344655)
(0.224722,0.52585)
(-1.01895,-0.578872)
(0.807808,0.31091)
(-0.631369,-0.628185)
(0.650755,1.07392)
(-0.750296,-0.580238)
(0.582444,-0.368272)
(0.378386,0.97116)
(-0.745724,-0.957103)
(-0.369578,0.412603)
(0.692698,-0.060897)
(0.514026,0.444368)
(-0.383264,-0.936418)
(-1.04486,0.471572)
(0.391441,0.458238)
(1.11984,-0.224682)
(-0.0926499,-0.481004)
(-1.13383,-0.0394352)
(0.121309,0.443167)
(0.643315,0.183531)
(-0.530364,0.0390342)
(0.809239,-0.663775)
(-0.495106,0.0734394)
(0.0185736,0.163252)
(-0.400646,0.472503)
(0.162936,-0.138297)
(0.21221,-0.59094)
(0.685665,0.496099)
(-0.830533,-0.44536)
(-0.442421,0.545582)
(0.587026,-0.15773)
(0.752222,-0.124691)
(-1.36063,-0.00767489)
(0.289965,-0.0899636)
(0.588606,0.441688)
(0.248098,-0.503404)
(-0.54201,0.469225)
(-0.948931,-0.728063)
(1.09283,0.629442)
(0.690032,-0.0880437)
(-1.16722,0.252636)
(0.217387,-0.64604)
(-0.0725712,0.178979)
(0.572158,0.0956304)
(-0.41342,0.0192534)
(-0.141072,0.630907)
(0.195445,-1.03388)
(-0.258429,0.390843)
(0.781642,0.0359946)
(-0.538158,-0.0391444)
(-0.44384,-0.0665811)
(0.477391,0.207397)
(0.339234,0.413175)
(-0.692107,-0.769765)
(0.0103399,-0.305212)
(0.912657,0.501001)
(-0.344962,0.613512)
(-0.661588,-0.37682)
(-0.112409,-0.350364)
(0.562318,0.0855362)
(0.480432,-0.648295)
(-0.200629,1.44446)
(-0.585985,-0.374712)
(-0.304536,-0.531141)
(0.835598,-0.160181)
(-0.334589,0.0340647)
(0.177328,0.977551)
(-0.0380719,-0.330122)
(0.117371,-0.875205)
(-0.200414,0.0784499)
(-0.543076,0.917632)
(0.318195,-0.108674)
(0.952987,-0.355716)
(-0.703151,-0.107371)
(-0.129359,-0.592935)
(0.0397014,1.35023)
(-0.081062,-0.675567)
(-0.0282511,0.0496854)
(0.507981,0.621521)
(-0.321841,-1.55491)
(0.0382661,0.701336)
(-0.153361,0.67013)
(0.175489,-0.0802571)
(-0.107276,-0.510738)
(-0.268152,0.186996)
(0.500397,-0.621128)
(-0.0312783,0.830737)
(-0.0746196,-0.175719)
(-0.0205395,0.0882393)
(-0.425541,0.0381261)
(0.0377807,-0.527485)
(1.04902,-0.105506)
(-1.04603,1.0163)
(0.0582594,-0.673052)
(0.944223,-0.121807)
(-0.844365,0.706688)
(-0.03849,-0.974535)
(-0.397619,0.363166)
(0.759946,0.481267)
(0.518871,-0.428607)
(-0.340849,0.149641)
(-0.751224,-0.52217)
(1.17228e-008,0.625)
(-0.413182,0.0874426)
(1.80704,-0.183886)
(-0.204961,-0.606028)
(-1.36625,0.454691)
(0.570932,0.540591)
(-0.398995,-0.646658)
(-0.00677392,0.252564)
(1.05665,-0.439643)
(0.0680652,0.845413)
(-1.29754,-1.02193)
(0.634331,0.789306)
(-0.451846,-0.25767)
(0.527229,0.0474257)
(-0.158984,0.0314145)
(0.655912,-0.40367)
(-0.864658,0.353473)
(0.121209,0.331303)
(0.190113,-0.534549)
(-0.395532,-0.194428)
(0.332777,0.654601)
(0.521639,-0.192841)
(-0.565796,0.381464)
(0.0397211,-1.34894)
(-0.462515,0.71219)
(0.612912,0.484525)
(0.00300424,0.076134)
(0.0169026,-0.0880286)
(-0.277652,-0.753895)
(-0.0185287,-0.351103)
(-0.0102033,0.780422)
(0.529927,1.0033)
(-0.0906514,-0.497213)
(-1.12297,-1.40254)
(0.717377,0.696898)
(0.844283,0.287111)
(-0.79729,-0.237816)
(0.301293,0.659439)
(-0.874489,-0.122055)
(0.218758,-0.745485)
(0.97569,0.169277)
(0.0195778,-0.328592)
(-0.917213,0.889175)
(0.246338,0.0942014)
(-0.509768,-0.30345)
(1.00728,-0.278432)
(-0.017857,-0.537)
(-0.492335,0.817372)
(-0.22273,-0.0664603)
(0.755851,0.150286)
(-1.11747,-0.0174521)
(1.13452,-0.291772)
(-0.0789271,-0.455505)
(-1.01885,0.828332)
(0.901014,-0.744122)
(-0.0772731,0.756575)
(-0.453355,0.282019)
(0.527135,-0.418682)
(-0.365157,-1.5384)
(0.0511341,1.71221)
(0.132943,-0.180138)
(0.0200015,0.654038)
(-0.217561,-1.37314)
(0.369152,0.0939952)
(-0.379442,0.791053)
(-0.165262,-0.42452)
(0.741546,0.472599)
(-0.63509,-0.918467)
(0.430038,0.675503)
(-0.484042,0.187252)
(0.472331,-0.474436)
(-0.466248,-0.0251714)
(0.287496,-0.0247869)
(-0.0534785,0.548044)
(0.437758,-0.215203)
(-0.583703,-0.559563)
(-0.225461,0.884383)
(0.562963,-0.862671)
(-0.323947,0.325588)
(0.59644,0.274771)
(-0.409742,0.145069)
(-0.259803,-0.532581)
(-0.114303,-0.379657)
(0.183581,0.543945)
(1.06121,1.09511)
(-1.08041,-1.27375)
(-0.227018,-0.738536)
(0.258974,1.1589)
(0.443991,-0.0253156)
(-0.485438,0.268675)
(0.48237,-0.552082)
(-0.389235,-0.278634)
(0.0392855,0.114756)
(0.156874,0.453698)
(-0.652519,0.0367685)
(0.737869,-0.199064)
(0.468267,0.0535626)
(-0.890594,-0.446322)
(-0.0959478,0.410805)
(0.259173,-0.053664)
(0.12296,-0.353503)
(0.0480636,1.14593)
(0.00759263,-0.93062)
(-0.0104467,0.086161)
(-0.119514,-0.51172)
(-0.27429,0.711628)
(-0.0905704,-0.192825)
(0.771035,0.62997)
(0.296488,-0.44386)
(-1.11428,-0.60932)
(0.267671,0.0446478)
(-0.192159,0.606184)
(0.572446,-0.0576784)
(0.0470745,0.18438)
(-0.242087,-0.00428621)
(0.0513955,-0.868482)
(-0.102501,0.263729)
(-0.682563,0.171184)
(1.13206,0.795766)
(-0.16915,-0.582839)
(-0.210031,-0.141197)
(-0.139575,-0.410516)
(-0.0180618,0.426345)
(0.0836351,0.519992)
(-0.192228,-0.830032)
(0.465589,0.324274)
(0.193459,0.274333)
(-0.878726,0.124968)
(0.457107,-1)
(0.123096,0.437645)
(-0.587957,0.270444)
(0.676645,0.436299)
(0.25785,-0.5071)
(-0.607487,-0.279348)
(-0.342707,-0.0353264)
(0.569297,0.631299)
(-0.0520047,-0.179691)
(0.108007,-0.840983)
(-0.130162,1.58855)
(-0.0789444,-1.36036)
(-0.108406,0.712733)
(0.460027,-0.50421)
(-0.863252,0.28768)
(0.734424,-0.353601)
(0.525548,0.67922)
(-0.975694,0.168073)
(-0.306076,-1.11104)
(0.662139,0.619283)
(0.200588,-0.227666)
(0.129891,0.0293461)
(-0.606961,1.00492)
(-0.450396,-1.15013)
(0.862143,0.0235918)
(0.248344,0.221694)
(-0.31266,0.518508)
(-0.788966,-0.774735)
(0.615274,0.189601)
(0.31731,-0.000543246)
(0.0758678,1.00803)
(-0.668411,-1.19742)
(-0.0824442,-0.204951)
(0.495214,0.608366)
(0.176215,0.0374817)
(-0.347327,-0.175145)
(0.577153,0.492778)
(-1.36568,-0.302189)
(0.508805,-0.573542)
(1.24735,-0.359633)
(-1.07934,1.54022)
(0.277137,-0.523223)
(-0.304741,0.0250409)
(0.0702571,-0.343615)
(-0.0542751,-0.431278)
(0.239965,-0.256139)
(0.557149,2.23372)
(-0.71436,-1.4654)
(-0.106999,-0.442526)
(-0.228671,0.455759)
(0.349719,-0.184445)
(0.586387,0.381978)
(0.0623565,-0.276356)
(-1.081,0.577246)
(0.063517,-0.940752)
(0.539565,0.173257)
(0.135325,0.626406)
(0.105841,0.189346)
(-0.447985,-1.37896)
(-0.341157,0.719092)
(0.817198,0.5898)
(-0.436162,-0.337855)
(0.152058,-0.231944)
(-0.156281,0.0256116)
(0.0321699,-0.254442)
(0.125912,0.641537)
(-0.00762443,-0.468694)
(0.157352,0.214534)
(-0.688842,0.408776)
(0.467651,-0.917204)
(0.0816954,0.425466)
(0.252973,-0.215328)
(-0.418424,0.437785)
(-0.116087,0.144258)
(0.212223,-0.633296)
(-0.279137,0.500025)
(0.752185,-0.451661)
(-0.626332,0.413083)
(0.166763,-0.688465)
(-0.0955118,0.622583)
(-0.158235,0.485853)
(0.668338,-0.20797)
(-0.734069,-1.19643)
(0.190536,0.670899)
(0.511252,-0.0702902)
(-0.759829,0.350149)
(0.424975,0.723551)
(0.234573,-0.31583)
(-0.766441,-1.85687)
(0.530098,0.623839)
(0.0282529,0.94193)
(-0.0281468,0.885473)
(-0.107164,-0.502587)
(0.264506,-1.76827)
(-0.464487,0.648539)
(-0.383591,0.220824)
(1.29308,1.21625)
(-0.48042,-0.582375)
(-0.3126,-0.782819)
(0.0066247,0.00341207)
(-0.0970306,0.357994)
(0.00266328,0.650587)
(0.677651,-0.877912)
(-0.425537,-0.266005)
(0.252754,1.05636)
(-0.985953,0.00692579)
(0.40941,-0.763823)
(0.865703,-0.50987)
(-0.171395,0.873525)
(-0.958757,0.133454)
(0.280251,0.0349792)
(0.484151,-0.0701098)
(0.230102,-0.670975)
(-0.908588,0.310186)
(0.30755,-0.0644563)
(0.682478,0.462793)
(-1.01732,0.0730896)
(0.676434,-0.360607)
(-0.262631,-0.0158042)
(0.249597,-0.00167234)
(-0.188304,-0.633873)
(-0.138714,0.938353)
(0.00883619,0.406456)
(0.237923,-0.592858)
(-0.182327,-0.396916)
(0.708864,0.0320656)
(-0.84143,0.0964799)
(-0.458721,0.533804)
(0.625,-0.25)
(0.89843,0.451631)
(-1.12672,-1.19335)
(0.0304119,0.730856)
(0.698081,-0.529868)
(-0.730671,0.968928)
(-0.218001,-0.403595)
(0.75896,-0.380777)
(0.136323,0.824675)
(-0.102455,-0.91086)
(-0.920469,-0.192234)
(0.694703,0.578369)
(-0.312941,0.608207)
(0.469881,-0.329401)
(-0.0658491,-0.621295)
(0.0240442,-0.229889)
(-0.466849,0.330586)
(0.436196,1.06391)
(-0.649887,-1.09425)
(0.762861,0.263125)
(-0.250697,0.0317858)
(0.146742,-0.183752)
(0.135053,-0.235791)
(-0.732255,0.513595)
(0.339241,0.445894)
(-0.110395,-0.798863)
(0.337837,-0.215618)
(0.510604,0.683528)
(-0.878436,-0.143813)
(0.0233317,-0.472537)
(0.0727202,0.319197)
(-0.0641851,0.545612)
(0.590651,-0.429564)
(-0.25908,-0.456918)
(-0.153201,0.0291729)
(-0.140163,0.551477)
(0.222614,0.187474)
(-0.250613,-0.622666)
(0.124243,0.698795)
(0.361481,-1.14177)
(-0.189505,0.579516)
(-0.142732,0.218126)
(-0.141645,0.320281)
(0.0369293,-0.392524)
(0.265842,-0.528657)
(0.0225062,0.562931)
(-0.145429,0.168882)
(-0.253243,-0.974837)
(0.544505,1.46588)
(-0.18672,-0.760276)
(-0.372762,0.153656)
(0.0829384,-0.626168)
(0.0950163,0.140919)
(0.661577,0.850201)
(-0.345285,-0.234563)
(-0.687904,-0.350614)
(-0.0111129,-0.0921479)
(0.881823,0.0290894)
(-0.167927,0.0782542)
(-0.471126,0.0413508)
(0.304157,0.506686)
(0.0494552,-0.464594)
(-0.114602,-0.318765)
(-0.460065,0.123688)
(0.504442,0.0839466)
(0.478089,0.406311)
(-0.873608,-0.0622686)
(0.442026,-0.403706)
(0.147205,-0.0490739)
(-0.690712,0.107865)
(0.295077,0.0613167)
(0.584966,0.500301)
(-0.709915,-0.765375)
(0.736064,0.382648)
(-0.868687,-0.112087)
(0.78846,-0.144325)
(-0.737734,0.287774)
(-0.168522,-0.102672)
(0.96155,0.304057)
(0.268131,-0.877353)
(-0.662033,0.497512)
(-1.02283,0.875997)
(0.859283,-1.12291)
(0.527865,-0.29337)
(0.0510353,0.849052)
(-0.676649,-0.0875078)
(0.294997,0.187556)
(-0.697888,-0.496668)
(0.986123,-0.186534)
(-0.283585,0.26671)
(0.0489413,-0.0680964)
(-0.275878,0.671008)
(-0.0260244,-0.00801678)
(0.187655,-1.4027)
(0.364279,0.605302)
(-0.578686,0.550935)
(0.281733,0.312554)
(-0.420066,-1.21348)
(0.0773393,0.691279)
(0.860933,0.791012)
(-0.161335,-1.90309)
(-0.605003,0.754728)
(-1.04386,0.880413)
(1.802,-0.056072)
(-0.239507,-0.999198)
(-0.46826,0.495688)
(0.286535,-0.374682)
(0.0600487,0.0196346)
(-0.875691,1.13302)
(0.458475,-0.460491)
(0.0915573,-1.02083)
(0.754758,0.607287)
(0.00906035,-0.132414)
(-1.30949,0.402904)
(0.108342,0.149646)
(0.0421435,0.0286126)
(1.42447,-1.20775)
(-0.74887,0.296914)
(-0.191229,1.54052)
(-0.156786,-1.11218)
(-0.0966642,-0.0545636)
(0.139555,0.392181)
(0.00671714,-0.82624)
(0.440337,0.56833)
(0.128394,0.496033)
(-0.64576,-0.302545)
(0.133272,-0.43463)
(-0.592702,0.0144939)
(0.0821068,-0.125)
(-0.386196,1.3536)
(-0.432777,-0.563067)
(0.49186,-0.580163)
(0.30308,-0.599466)
(-0.228477,0.315907)
(0.415469,0.991816)
(-0.326968,-0.370338)
(-0.946544,0.367181)
(0.593598,-0.704537)
(0.613523,-0.769179)
(0.233897,1.27658)
(-0.802477,-0.360887)
(0.156262,0.179471)
(-0.190135,-0.382375)
(-0.369943,1.17009)
(0.878685,-1.47423)
(0.759091,-0.0823707)
(-1.30686,0.237167)
(-0.164342,1.17725)
(-0.397575,-0.726991)
(1.30105,0.112021)
(0.879214,-0.0969975)
(-2.10236,-0.785367)
(-0.00402234,0.0580966)
(0.901247,1.04774)
(0.232952,0.290974)
(-0.0226112,-0.0104778)
(-0.358227,-1.35484)
(-0.589312,-0.694619)
(0.34435,1.75971)
(0.318887,0.29415)
(0.973969,-0.46354)
(-1.31412,-0.376601)
(-0.289489,0.166992)
(0.127486,-0.637207)
(1.1019,0.386642)
(-0.558713,0.580306)
(-0.24306,0.0386978)
(-0.136596,-0.274328)
(0.73884,-0.18855)
(-0.546249,-0.61994)
(-0.637142,0.718775)
(0.937476,0.105185)
(0.225155,0.176242)
(0.0309699,-0.270177)
(-1.40441,0.0805374)
(1.09751,-0.51782)
(-0.43212,0.0947418)
(0.668208,0.321972)
(-0.525985,0.305669)
(0.690024,0.257088)
(-1.20188,-1.17949)
(0.23917,0.0847691)
(0.910983,1.13917)
(-0.531535,-0.649641)
(0.322571,-0.496659)
(-0.955835,0.878817)
(0.78146,-0.224994)
(0.0459626,-0.250743)
(-0.0918259,0.403347)
(-0.221139,-0.945989)
(0.0811041,0.44397)
(-0.145946,0.813075)
(0.0821068,-0.125)
(-0.386196,1.3536)
(-0.432777,-0.563067)
(0.49186,-0.580163)
(0.30308,-0.599466)
(-0.228477,0.315907)
(0.415469,0.991816)
(-0.326968,-0.370338)
(-0.946544,0.367181)
(0.593598,-0.704537)
(0.613523,-0.769179)
(0.233897,1.27658)
(-0.802477,-0.360887)
(0.156262,0.179471)
(-0.190135,-0.382375)
(-0.369943,1.17009)
(0.878685,-1.47423)
(0.759091,-0.0823707)
(-1.30686,0.237167)
(-0.164342,1.17725)
(-0.397575,-0.726991)
(1.30105,0.112021)
(0.879214,-0.0969975)
(-2.10236,-0.785367)
(-0.00402234,0.0580966)
(0.901247,1.04774)
(0.232952,0.290974)
(-0.0226112,-0.0104778)
(-0.358227,-1.35484)
(-0.589312,-0.694619)
(0.34435,1.75971)
(0.318887,0.29415)
(0.973969,-0.46354)
(-1.31412,-0.376601)
(-0.289489,0.166992)
(0.127486,-0.637207)
(1.1019,0.386642)
(-0.558713,0.580306)
(-0.24306,0.0386978)
(-0.136596,-0.274328)
(0.73884,-0.18855)
(-0.546249,-0.61994)
(-0.637142,0.718775)
(0.937476,0.105185)
(0.225155,0.176242)
(0.0309699,-0.270177)
(-1.40441,0.0805374)
(1.09751,-0.51782)
(-0.43212,0.0947418)
(0.668208,0.321972)
(-0.525985,0.305669)
(0.690024,0.257088)
(-1.20188,-1.17949)
(0.23917,0.0847691)
(0.910983,1.13917)
(-0.531535,-0.649641)
(0.322571,-0.496659)
(-0.955835,0.878817)
(0.78146,-0.224994)
(0.0459626,-0.250743)
(-0.0918259,0.403347)
(-0.221139,-0.945989)
(0.0811041,0.44397)
(-0.145946,0.813075)
(0.220971,-0.548636)
(0.354664,0.337064)
(-0.130797,-1.11503)
(-0.987008,0.274198)
(0.727423,1.07252)
(0.171677,-0.551876)
(0.148012,-0.00114417)
(-0.594797,-0.139165)
(0.676647,-0.365951)
(-0.92689,0.964382)
(0.766249,-0.945834)
(-0.322031,0.457574)
(-0.373304,0.115264)
(1.26972,-0.00410779)
(-0.60672,-0.303949)
(-0.691765,0.000385658)
(0.0497467,0.372842)
(0.729422,-0.631523)
(-0.329768,0.581421)
(0.407676,0.0998069)
(-0.0793389,-0.360004)
(-0.814371,0.110994)
(0.145869,-0.18223)
(0.622744,0.00437306)
(-0.026893,0.100702)
(-0.0808489,0.0970613)
(-0.234116,0.669176)
(0.0383979,-0.655558)
(0.141677,-1.34616)
(-0.604206,1.45561)
(0.751799,0.574767)
(0.191177,-0.7359)
(-0.345279,0.0110848)
(-0.458385,-0.324542)
(0.23044,0.055625)
(0.437004,0.299801)
(-0.551127,0.479836)
(0.298088,-0.856642)
(0.682435,0.380838)
(-1.14972,-0.0551001)
(-0.0719078,0.0635034)
(0.618335,-0.326828)
(0.309114,0.375412)
(-0.111177,-0.283977)
(-0.817288,0.734096)
(0.21878,-0.633966)
(0.563993,-0.353259)
(-0.138739,0.186062)
(0.192118,0.64573)
(-0.868284,-0.0849098)
(0.723994,-0.76384)
(-0.670615,0.61986)
(1.02208,-0.197393)
(-0.325469,-0.292462)
(-0.328076,0.443234)
(0.0135706,0.168639)
(-0.40539,-0.0527719)
(0.728415,-1.10869)
(0.0743243,1.25834)
(0.198321,-0.314784)
(-0.917109,-0.176867)
(-0.1415,0.351444)
(0.840667,-0.573396)
(-0.0719073,0.473465)
(-0.3125,-0.1875)
(0.535038,-0.434857)
(-0.673645,1.27038)
(0.101869,-1.03952)
(-0.040851,0.0803627)
(-0.00380515,0.0794)
(0.9698,0.0830364)
(-0.681575,-0.0834503)
(-0.711951,0.35881)
(0.723438,-0.119096)
(-0.347343,-0.310532)
(0.693186,-0.399541)
(-0.552113,0.822099)
(0.0331865,-0.157892)
(0.413643,-0.0268755)
(-1.02637,0.392915)
(1.0521,-1.33479)
(-0.333518,0.74949)
(-0.147675,0.561855)
(0.097378,-0.562327)
(0.177019,0.128928)
(-0.144889,0.400493)
(-0.305964,-0.970639)
(0.455935,0.35616)
(-0.158519,0.319573)
(-0.391839,0.0322828)
(1.09376,0.0322251)
(-0.898317,-0.235082)
(-0.132835,-0.111166)
(0.188966,-0.0741036)
(0.388138,0.27116)
(0.0168604,-0.123591)
(-0.638125,0.312139)
(0.447767,0.644474)
(-0.293358,-2.03023)
(0.752562,0.845439)
(-0.987707,0.676665)
(0.428306,-0.0154187)
(-0.106829,-0.326029)
(0.622146,0.104008)
(-0.607382,-0.718631)
(0.00058729,0.492115)
(-0.196644,0.108154)
(0.145888,0.721996)
(0.82134,-0.91489)
(-0.599061,-0.351188)
(-0.228938,0.706296)
(-0.459833,-0.0332999)
(0.828921,-0.17391)
(0.191665,-0.414086)
(-0.482626,1.15099)
(0.30927,-0.813345)
(-0.389205,-0.296099)
(-0.415277,0.696699)
(0.509025,-0.60226)
(0.903591,0.0316671)
(-0.546343,1.3236)
(-0.795348,-1.14477)
(0.0129267,-1.00219)
(0.331815,1.44707)
(0.795703,0.0950721)
(-0.187683,-0.444114)
(-0.723276,-0.206405)
(0.0589744,0.0785001)
(-0.412913,0.393306)
(1.01595,-0.430164)
(0.0989595,0.0364616)
(-0.281653,0.226868)
(-0.581429,0.195044)
(-0.0990186,-0.382021)
(0.797976,-0.236557)
(-0.237261,0.277279)
(-0.00833517,0.31819)
(0.0317458,-0.203167)
(-0.247962,-0.0701613)
(-0.0579034,-0.0855497)
(0.3744,-0.209663)
(-0.13693,0.43075)
(-0.00833048,0.268829)
(-0.249615,-0.637223)
(0.323669,0.235896)
(-0.0119458,-0.256948)
(0.375538,0.285942)
(-1.13907,0.479782)
(0.364379,-0.760117)
(0.793286,0.0698947)
(-0.397922,0.0503399)
(0.133106,0.309026)
(-0.322018,0.251781)
(-0.146009,-0.939647)
(-0.0986076,0.697399)
(0.188131,-0.540625)
(1.06793,0.638201)
(-0.508538,-0.146118)
(-1.12496,-0.0405858)
(0.399409,-0.6796)
(0.043208,1.14032)
(0.563421,-0.985843)
(0.680044,0.478818)
(-1.1153,0.380047)
(-0.424668,-0.742277)
(0.0360668,0.350981)
(1.02965,0.0269099)
(-0.266518,-0.580042)
(-0.261944,1.02113)
(0.398446,-0.377632)
(-0.714427,-0.355346)
(-0.0606236,0.242132)
(0.680457,-0.168327)
(-0.317794,0.212696)
(0.388788,0.0758494)
(-0.154524,-0.360638)
(-0.447613,0.377081)
(-0.192863,0.284436)
(0.405825,-1.09609)
(1.05702,0.560521)
(-1.40927,0.281001)
(-0.0240851,0.0795116)
(0.526246,-0.123746)
(0.122823,-0.508373)
(0.119617,0.204144)
(-0.654137,0.596608)
(-0.30019,-0.990654)
(1.17264,0.950301)
(-0.142798,-0.243381)
(-0.909669,-0.165077)
(0.653533,-0.335152)
(-0.39778,0.66273)
(0.417893,-1)
(0.0147636,1.30562)
(-0.597647,-0.398163)
(0.367932,-0.220033)
(0.737419,-0.463263)
(-0.946024,0.28667)
(0.0228439,0.445164)
(-0.367744,-0.169228)
(1.20016,0.101261)
(-0.134929,-0.0703997)
(-1.03583,-0.922082)
(1.09175,1.03493)
(-1.31207,-0.0485375)
(0.834866,0.121317)
(0.148105,-0.978864)
(0.322272,1.40846)
(-0.772976,-1.16965)
(-0.167166,-0.186656)
(0.966637,1.44299)
(-1.1965,-0.5946)
(0.708899,-0.734068)
(0.526923,0.259854)
(-0.492841,0.0350948)
(-0.569078,1.22337)
(0.18346,-1.09687)
(0.640366,-0.687066)
(-0.0472445,0.687998)
(-0.470999,0.115269)
(-0.223319,0.770448)
(0.603357,-1.04842)
(-0.163348,0.192674)
(0.583297,-0.653422)
(-1.32752,0.942093)
(0.258653,-0.0767571)
(0.721754,0.340731)
(0.331689,-0.683499)
(-0.690877,-0.198452)
(-0.00592486,0.191055)
(-0.40911,0.298297)
(0.276705,0.296456)
(0.66466,-0.731113)
(-0.0697511,0.571895)
(-0.490589,-0.335673)
(0.128034,0.0682685)
(-0.557492,-0.338128)
(0.0901269,0.409737)
(1.3602,0.137987)
(-0.289679,0.117037)
(-1.68279,-0.15551)
(1.09577,-0.840877)
(0.295085,0.602483)
(-0.486785,0.123191)
(0.164874,0.443523)
(-0.0443693,-0.52466)
(0.244571,0.0158428)
(-0.358889,0.0330913)
(0.480156,-0.267131)
(-0.703573,-0.233266)
(-0.160034,0.83047)
(1.16158,0.45972)
(-0.149471,-0.836919)
(-0.759719,-0.429756)
(-0.375915,-0.0744095)
(1.00798,0.477501)
(-0.220971,0.423636)
(-0.197128,0.928509)
(0.26091,-2.25403)
(-0.235918,0.578852)
(-0.489046,0.263963)
(1.01605,0.08038)
(-0.389506,0.900301)
(-0.196742,-0.915883)
(-0.145852,-0.359871)
(0.123852,0.230071)
(0.761977,0.385503)
(-0.923259,-0.244051)
(0.223342,0.269196)
(-0.0851878,-0.489825)
(0.368688,0.338834)
(-0.479348,0.236675)
(0.478275,-0.363218)
(-0.116415,-0.431799)
(-0.023652,0.313943)
(-0.464607,0.823891)
(0.211325,-0.494085)
(0.7088,-0.358595)
(-0.776914,-0.246674)
(0.513358,0.51633)
(-0.615987,0.397993)
(0.342154,-0.636108)
(0.124604,-0.184942)
(0.137645,0.60731)
(-0.893747,0.375404)
(0.902377,-1.46759)
(0.0442797,0.86735)
(-0.289494,-0.117495)
(-0.404721,0.863915)
(0.243126,-1.23142)
(0.536337,0.316765)
(-0.648266,0.197309)
(0.403657,0.272528)
(0.0540378,-0.594749)
(-0.478076,-0.128823)
(0.345191,0.655651)
(-0.484784,0.253594)
(0.748536,-0.45021)
(-0.26471,-0.682215)
(0.0376268,0.225035)
(0.0927272,0.944539)
(-0.92435,-0.342174)
(1.03232,-0.135717)
(-0.754839,-0.30657)
(1.0237,0.204666)
(-0.0890653,-0.275599)
(-0.742577,0.339615)
(-0.766183,0.413739)
(1.30473,-0.22021)
(0.305454,-0.777309)
(-0.52885,0.489029)
(-0.29279,0.222721)
(0.0345371,-0.160094)
(0.394137,0.18858)
(-0.10899,-0.65768)
(-0.912558,0.737036)
(1.67814,0.20639)
(-0.626124,-1.04908)
(-0.709817,0.603187)
(0.51229,-0.352545)
(-0.1875,0.5625)
(0.0996989,0.530875)
(0.474115,-1.15204)
(-0.525013,-0.189556)
(-0.0427161,0.44297)
(0.413606,0.901416)
(-0.630075,-1.29836)
(0.287407,0.998528)
(0.364518,-0.741962)
(-0.2463,0.342968)
(-0.220154,-0.468992)
(0.53619,0.583556)
(-0.732448,0.1213)
(0.303411,-0.563646)
(0.0190827,0.264121)
(0.37912,0.230841)
(-0.157809,-0.599759)
(-0.449959,0.441164)
(0.305839,-0.0973421)
(-0.508033,-0.00872267)
(0.999248,0.17246)
(-0.316972,-0.0132581)
(-0.230801,-0.165916)
(-0.518806,-0.583002)
(0.617797,0.954634)
(0.5572,-0.230445)
(-0.861695,0.0817798)
(-0.300397,-0.404103)
(0.878745,0.168755)
(0.0105347,-0.0788943)
(-0.340461,0.266137)
(-0.7694,-0.0474495)
(0.991679,-0.540692)
(0.00983328,0.817404)
(0.420293,0.0737969)
(-1.4845,-1.00867)
(0.424442,0.259289)
(0.765491,0.442782)
(0.193697,0.130845)
(-0.678241,0.119521)
(-0.319614,-1.01893)
(0.266294,0.719733)
(0.411889,0.12437)
(-0.0560356,-0.686853)
(-0.0400644,0.477841)
(-0.495034,0.683402)
(0.327461,-0.580621)
(0.12844,-0.900514)
(-0.274667,0.631125)
(0.347586,0.438327)
(0.120659,0.2553)
(-0.690598,-0.609815)
(0.291282,-0.496118)
(0.0348927,0.545859)
(0.586273,0.36324)
(-0.671271,-0.260377)
(-0.241818,-0.0246473)
(0.598445,-0.615576)
(-0.250972,0.922559)
(0.357739,-0.396335)
(-0.643371,0.296359)
(0.48039,-0.491867)
(-0.280068,0.147855)
(-0.18299,-0.102981)
(0.912913,0.481694)
(-0.469249,-0.263281)
(-0.699008,0.108122)
(0.621155,-0.390115)
(0.106592,0.0842911)
(-0.402657,0.257868)
(0.699674,-0.024554)
(-0.562412,-0.024659)
(-0.0750842,0.175896)
(0.21417,-0.283407)
(-0.239509,-0.393477)
(0.377648,0.209767)
(-0.154498,0.989405)
(0.208555,-0.413418)
(-0.174453,-0.933568)
(-0.501225,0.165421)
(0.14831,0.832907)
(0.994873,0.181621)
(-0.768517,-1.31279)
(-0.092755,0.90684)
(0.255416,0.0441698)
(-0.0608215,-0.367464)
(-0.201728,0.0704984)
(-0.146071,0.233706)
(0.679735,-0.132357)
(0.271651,-0.267794)
(-1.23916,0.360316)
(0.328552,-0.00724056)
(0.430294,0.27326)
(0.141593,-1.0284)
(-0.589939,0.453425)
(0.699689,0.6834)
(-0.793208,-0.265317)
(0.391171,-0.142483)
(0.324855,-0.803407)
(-0.577137,0.722131)
(0.296799,0.324877)
(-0.277504,0.300147)
(0.469283,-1.14605)
(-0.10408,0.151769)
(-0.0114222,0.465441)
(-0.27537,0.273868)
(-0.558234,-0.605645)
(1.23408,0.747197)
(-0.196993,-0.902443)
(-0.387037,-0.171239)
(-0.0271566,1.29944)
(-0.0142392,-0.882497)
(-0.207543,-0.123923)
(0.513178,0.84648)
(-0.0826856,-0.753247)
(0.112306,-0.0825855)
(-0.314873,-0.141045)
(0.00901561,0.716511)
(-0.297053,0.233417)
(0.48657,-0.48292)
(-0.116882,-0.379995)
(0.423308,-0.299434)
(-0.343443,0.790368)
(-0.283153,-0.212032)
(-0.31846,1.13498)
(0.758215,-1.34025)
(-0.192442,-0.412738)
(0.153625,0.411993)
(1.08211,1.375)
(-1.52252,-0.633658)
(0.454932,-0.220077)
(-0.765961,0.27599)
(1.44266,-0.836367)
(-0.490521,0.775757)
(0.160819,0.50913)
(-1.03938,-0.628906)
(0.865131,-0.112924)
(-0.150753,-0.193053)
(-0.0290323,0.520038)
(0.115156,-0.34435)
(0.23659,0.358674)
(-0.158537,-0.0478821)
(-1.08397,0.0951015)
(0.847829,-0.762453)
(0.752894,-0.037752)
(-0.333306,1.06249)
(-0.620454,0.205445)
(-0.236485,-1.04327)
(0.614837,-0.150636)
(-0.0611555,0.355274)
(0.1579,0.55858)
(0.156933,-0.568501)
(-0.901247,0.42302)
(0.670777,-0.759909)
(-0.278958,0.824013)
(0.225053,-0.538094)
(0.0742522,0.261491)
(-0.262944,-0.342079)
(0.375744,0.277436)
(-0.393275,0.701807)
(-0.193873,-1.21938)
(0.43766,0.165971)
(0.107987,0.793165)
(-0.253853,-0.57354)
(0.0553357,0.00495146)
(-0.249871,0.0277096)
(0.606208,0.566139)
(-0.607814,-0.691582)
(-0.121356,0.278288)
(0.613386,-0.75137)
(0.233855,1.08646)
(-0.863118,0.0237696)
(0.353216,-0.698761)
(-0.268589,0.54134)
(0.559822,-0.879068)
(-0.329234,0.8174)
(0.0499191,-0.236042)
(0.253738,0.022124)
(-0.202974,0.614716)
(-0.542328,-0.887951)
(0.380755,-0.25034)
(0.39657,0.531999)
(0.12823,0.479017)
(-0.511373,-0.52993)
(-0.447386,-0.186541)
(0.961349,0.741876)
(-0.78488,-0.832488)
(0.608376,-0.372287)
(-0.241472,1.34865)
(0.477916,-0.223495)
(-1.04427,-0.895998)
(0.54015,0.476464)
(1.08211,1.375)
(-1.52252,-0.633658)
(0.454932,-0.220077)
(-0.765961,0.27599)
(1.44266,-0.836367)
(-0.490521,0.775757)
(0.160819,0.50913)
(-1.03938,-0.628906)
(0.865131,-0.112924)
(-0.150753,-0.193053)
(-0.0290323,0.520038)
(0.115156,-0.34435)
(0.23659,0.358674)
(-0.158537,-0.0478821)
(-1.08397,0.0951015)
(0.847829,-0.762453)
(0.752894,-0.037752)
(-0.333306,1.06249)
(-0.620454,0.205445)
(-0.236485,-1.04327)
(0.614837,-0.150636)
(-0.0611555,0.355274)
(0.1579,0.55858)
(0.156933,-0.568501)
(-0.901247,0.42302)
(0.670777,-0.759909)
(-0.278958,0.824013)
(0.225053,-0.538094)
(0.0742522,0.261491)
(-0.262944,-0.342079)
(0.375744,0.277436)
(-0.393275,0.701807)
(-0.193873,-1.21938)
(0.43766,0.165971)
(0.107987,0.793165)
(-0.253853,-0.57354)
(0.0553357,0.00495146)
(-0.249871,0.0277096)
(0.606208,0.566139)
(-0.607814,-0.691582)
(-0.121356,0.278288)
(0.613386,-0.75137)
(0.233855,1.08646)
(-0.863118,0.0237696)
(0.353216,-0.698761)
(-0.268589,0.54134)
(0.559822,-0.879068)
(-0.329234,0.8174)
(0.0499191,-0.236042)
(0.253738,0.022124)
(-0.202974,0.614716)
(-0.542328,-0.887951)
(0.380755,-0.25034)
(0.39657,0.531999)
(0.12823,0.479017)
(-0.511373,-0.52993)
(-0.447386,-0.186541)
(0.961349,0.741876)
(-0.78488,-0.832488)
(0.608376,-0.372287)
(-0.241472,1.34865)
(0.477916,-0.223495)
(-1.04427,-0.895998)
(0.54015,0.476464)
(-0.108915,-0.0906092)
(0.609111,0.224356)
(-0.490862,-0.439272)
(-0.193591,0.759973)
(0.427094,-0.361927)
(-0.70671,-0.635916)
(0.720296,0.562041)
(0.207971,0.154709)
(-0.700969,0.132997)
(0.0522271,-0.401977)
(0.161792,-0.483532)
(0.318544,0.616852)
(-0.047621,0.595273)
(-0.429426,-0.5863)
(-0.184839,-0.562985)
(0.521909,0.205372)
(0.275945,0.952116)
(-0.17082,-0.92928)
(-0.930835,0.431986)
(0.720119,0.0595975)
(0.199974,-0.649155)
(0.00769477,0.130932)
(-0.231771,0.844661)
(-0.418918,-0.203811)
(0.558959,-0.660281)
(-0.111722,-0.171157)
(0.155615,0.68767)
(-0.00597644,0.341883)
(-0.678641,-0.698513)
(0.412601,-0.0838743)
(0.597966,0.232032)
(-0.608507,0.128467)
(-0.19426,-0.263733)
(0.927197,0.439094)
(-1.3134,-0.259005)
(0.721089,0.0430357)
(0.0664706,-0.665333)
(0.224111,0.677851)
(-0.355349,0.243984)
(-0.0459925,0.0664674)
(-0.347955,-0.689328)
(0.395365,0.155364)
(0.44102,-0.494417)
(-0.278077,1.27479)
(-0.0071827,-0.271301)
(-0.824547,-0.530884)
(0.918752,-0.25111)
(-0.344413,0.857354)
(0.495737,-1.09297)
(-0.2544,0.966817)
(-0.492397,-0.10891)
(0.309063,-0.047783)
(0.560741,-0.244035)
(-1.15357,-0.317993)
(0.679479,0.269759)
(0.436361,0.621764)
(-0.175449,-0.531172)
(-0.851282,-0.198348)
(0.464827,0.758285)
(0.153361,-0.780141)
(0.0418034,-0.404967)
(0.119644,0.989636)
(-0.189575,0.31262)
(-0.113729,-0.786411)
(-0.25,-0.3125)
(0.508313,0.717321)
(-0.340478,-0.570613)
(0.737957,0.614663)
(-0.558519,-0.378927)
(-0.453642,0.569761)
(-0.0107199,-1.00495)
(1.23583,0.28802)
(-0.668596,0.272157)
(-0.552235,0.507947)
(0.535986,-0.217773)
(-0.138049,-1.65118)
(-0.0320671,1.81073)
(0.571272,-0.0324091)
(-1.10856,-0.465347)
(1.04351,-0.507407)
(-0.634614,0.670269)
(0.111896,0.244566)
(0.137753,-0.977776)
(0.102777,0.674256)
(0.0227532,0.107301)
(-0.377531,0.190597)
(-0.140646,-0.984832)
(0.540519,0.478279)
(0.0242164,0.339483)
(-0.16348,-0.218318)
(-0.122625,-0.0183062)
(-0.00477581,0.314044)
(-0.181187,-0.546948)
(0.460599,-0.088455)
(-0.40696,0.405473)
(0.731025,0.0827159)
(-0.311799,0.294056)
(-1.14755,-1.12646)
(0.935467,1.28741)
(0.557592,-1.50873)
(-0.576013,1.50521)
(-0.112731,-0.576549)
(0.106435,-0.27372)
(0.000728406,0.363423)
(0.0380524,0.0303913)
(-0.160291,-0.428815)
(0.196635,0.489716)
(-0.125744,-0.581826)
(0.661219,0.434422)
(-1.01467,0.288376)
(0.10966,-0.239582)
(0.51554,-0.318063)
(-0.12098,-0.401412)
(-0.12473,1.19138)
(0.216808,-0.625569)
(-0.217093,-0.181189)
(0.0192148,0.612037)
(-0.307651,-0.442227)
(0.482638,-0.0970066)
(-0.134623,-0.355095)
(0.43619,0.657361)
(-0.878625,0.671437)
(0.519937,-1.30756)
(-0.0627833,0.489828)
(-0.576853,-0.0848172)
(1.13924,-0.451872)
(-0.54193,1.17594)
(0.0531646,-0.52243)
(-0.605774,-0.255362)
(0.54859,-0.188697)
(0.273874,0.418118)
(-0.530294,0.145322)
(0.332029,-0.568546)
(-0.266969,0.454682)
(0.198011,0.0376111)
(0.260417,-0.46763)
(-0.624647,0.406401)
(0.000406613,0.235296)
(0.665288,-0.790641)
(-0.382118,0.415656)
(0.19027,-0.0494594)
(-0.195769,0.605037)
(-0.0521618,-0.721602)
(-0.298723,0.118709)
(0.56783,0.103015)
(0.172616,-0.358652)
(-0.509449,0.496432)
(0.241508,0.039718)
(-0.312152,-0.0288766)
(0.184149,-0.502731)
(0.161516,0.612014)
(-0.388047,-0.841306)
(0.657282,0.681653)
(-0.326873,0.0398056)
(-0.134477,0.294808)
(-0.182665,-0.742196)
(0.0508265,0.05053)
(0.382165,0.0953014)
(0.332215,0.285205)
(-1.09794,-0.0616508)
(1.15659,-0.0968639)
(-1.11699,0.383986)
(0.613171,-0.687756)
(-0.0147829,0.0762018)
(-0.388373,0.190623)
(0.995278,0.0282372)
(-0.304523,0.555721)
(-1.22515,-0.366783)
(0.646019,-0.835229)
(0.648002,0.773183)
(-0.497137,-0.274365)
(0.633646,0.436335)
(-0.980388,-0.111105)
(0.191093,-0.168115)
(0.459964,-0.312141)
(-0.360855,0.643799)
(-0.160046,-0.497986)
(0.98008,-0.181255)
(-0.863202,0.778484)
(0.114067,-0.259186)
(-0.263964,-0.341212)
(0.620889,0.214456)
(-0.660842,-0.132855)
(0.610923,-0.015052)
(0.0587725,-0.0688607)
(-0.344411,0.686561)
(-0.323637,-0.515899)
(0.325901,0.103692)
(-0.01027,-0.59141)
(0.26981,0.577156)
(-0.0775764,-0.174315)
(-0.237035,0.384656)
(0.144607,-0.0625)
(-0.351532,-0.368163)
(0.30076,0.0905937)
(-0.063415,-0.324336)
(0.38252,0.303665)
(-0.204454,0.445841)
(-0.114073,0.0283488)
(-0.337102,-0.594708)
(-0.0386149,-0.138983)
(0.667673,0.0775886)
(0.145004,0.47797)
(-0.391481,-0.0953639)
(-0.330449,0.149257)
(-0.16994,-0.303892)
(0.886744,-0.366902)
(-0.522253,0.222143)
(0.0419141,0.378427)
(0.374855,0.0462654)
(-0.518426,-0.242126)
(0.180224,-0.306543)
(-0.327934,0.489727)
(0.582765,-0.328099)
(-0.160896,0.230916)
(-0.25307,-0.370929)
(0.639135,0.508334)
(-0.826388,-0.0724804)
(0.15983,-0.0939587)
(0.073891,-0.572105)
(0.494861,0.630462)
(-0.115711,0.040355)
(-0.574617,-0.0846422)
(-0.0174569,-0.251973)
(0.724203,0.152433)
(-0.314118,0.190825)
(-0.407135,-0.205853)
(0.362812,-0.196837)
(0.303161,0.273783)
(-0.61315,-0.0441981)
(0.522132,0.331953)
(-0.411022,-0.469338)
(-0.257035,-0.050467)
(0.979905,0.317298)
(-0.557928,-0.559091)
(-0.176418,0.843281)
(0.217437,-0.202218)
(0.0152001,-0.235969)
(-0.147945,-0.414246)
(-0.179067,0.535632)
(0.457169,-0.0984593)
(0.471369,0.0301402)
(-1.2219,0.319049)
(0.334807,-0.526012)
(0.514357,0.0663363)
(-0.623069,0.00728425)
(0.715353,-0.00713963)
(-0.147402,0.0987854)
(-0.397882,0.898269)
(-0.0978584,-1.49085)
(0.0186117,0.340448)
(0.387994,0.255043)
(0.625947,0.174523)
(-1.07398,-0.142817)
(-0.211223,0.585331)
(0.566869,-1.35104)
(0.421415,0.528109)
(-0.899894,0.727868)
(0.626624,-0.704639)
(0.245581,0.405506)
(-1.11568,-0.366827)
(0.66513,0.0908503)
(0.456864,-0.0215718)
(-0.711369,0.429668)
(0.255832,-0.618532)
(0.0972057,0.251528)
(0.0396506,-0.0716007)
(-0.228149,0.529007)
(-0.182294,-0.544952)
(0.261684,-0.201984)
(0.541466,0.245778)
(-0.692542,0.253662)
(0.00797884,-0.033276)
(0.287144,-0.0930142)
(-0.411278,-0.197965)
(0.241136,-0.252568)
(0.524903,0.609737)
(-0.219792,0.0289013)
(-0.964573,-0.280234)
(0.490552,0.0284654)
(0.633797,-0.223329)
(-0.0308737,-0.00473271)
(-0.721069,0.641149)
(0.324739,-0.187758)
(-0.35083,-0.332598)
(0.420712,-0.67987)
(0.671049,1.38668)
(-0.922085,-0.331353)
(-0.403012,-0.413043)
(0.589727,-0.0376172)
(0.245068,-0.0624204)
(0.199315,0.506287)
(-0.625836,-0.166516)
(-0.116989,0.177823)
(0.110173,-0.609609)
(0.228952,0.0391107)
(0.594791,0.461761)
(-0.836344,0.0352421)
(-0.00920478,-0.0992509)
(0.199827,0.0246852)
(-0.219371,-0.698841)
(0.453148,0.631787)
(0.101872,0.304047)
(-0.452255,-0.44765)
(-0.0884605,0.139936)
(0.171744,-0.362299)
(0.273712,0.744688)
(-0.642335,-0.614121)
(0.829539,-0.169335)
(-0.205317,0.525741)
(-0.545603,0.17621)
(0.247033,-0.458014)
(-0.0780593,-0.0175069)
(0.764081,-0.00562375)
(-1.32282,0.0539023)
(1.46522,0.279299)
(-0.705874,-0.220427)
(-0.888214,0.275513)
(1.16329,-0.446981)
(0.0928846,-0.188897)
(-0.5625,0.5)
(-0.124889,0.244914)
(0.771806,-0.6864)
(-0.654293,0.564732)
(-0.20742,-0.214202)
(0.354472,-0.294002)
(0.640209,-0.0484688)
(-0.712862,0.802916)
(-0.3706,-0.510211)
(0.631925,0.132136)
(0.0633998,-0.218751)
(-0.568191,-0.361429)
(0.318407,0.643965)
(0.519213,0.302784)
(-0.705353,-0.904678)
(-0.0164937,0.659901)
(0.111253,-0.166274)
(0.392141,-0.593454)
(-0.416321,0.547156)
(0.525052,0.55009)
(-0.677909,-0.595418)
(-0.0809951,-0.271562)
(0.636115,0.0333805)
(-0.117952,0.464769)
(0.217237,-0.139544)
(-1.16142,0.340107)
(0.779786,-0.867265)
(0.911345,0.170172)
(-1.72149,0.59572)
(1.31804,0.0633962)
(-0.853257,-0.823205)
(0.449949,0.658337)
(-0.218532,-0.477114)
(0.826879,0.352499)
(-1.17425,0.229404)
(-0.14474,-0.263096)
(1.20915,-0.589536)
(-0.366203,0.586478)
(0.0505024,0.284521)
(-1.2495,-0.0289019)
(1.25708,-0.661433)
(-0.0224516,-0.00907771)
(-0.322322,0.585208)
(0.353618,0.139651)
(-0.575792,-0.462075)
(0.102942,-0.1826)
(0.186117,0.783277)
(0.159595,-1.01708)
(0.0192225,0.421573)
(-0.305033,0.599349)
(0.153616,-0.552406)
(0.0508053,0.0612211)
(-0.947334,-0.206993)
(1.67168,0.0905879)
(-0.380415,0.242487)
(-1.08272,-0.116139)
(0.809249,0.0671988)
(-0.307163,0.180022)
(0.210306,-0.545091)
(-0.0291653,-0.121127)
(-0.00775795,0.682445)
(0.371735,-0.239514)
(-0.557227,0.308598)
(-0.394809,-0.339138)
(0.543274,-0.432138)
(0.710473,0.0527264)
(-0.78692,0.719617)
(0.0685484,0.317432)
(-0.337988,-1.12429)
(0.121743,0.253575)
(1.13214,0.278186)
(-1.46299,-0.200381)
(0.721806,0.569095)
(-0.132489,-0.762617)
(-0.293045,0.328951)
(0.812329,0.136186)
(-0.934582,-0.259954)
(0.446779,0.211369)
(-0.00602186,-0.225618)
(-0.093332,-0.0642016)
(0.126799,0.883475)
(0.0842204,-1.51705)
(-0.171289,1.45496)
(-0.405216,-0.840033)
(0.35829,0.171813)
(0.67505,-0.10891)
(-0.672378,0.316004)
(-0.432777,-0.12948)
(0.877728,-0.0757821)
(-0.440102,0.181305)
(-0.404999,-0.210182)
(0.856012,-0.290834)
(-0.25067,0.424022)
(-0.103448,0.541747)
(-0.29302,-1.15951)
(0.0633577,0.828964)
(0.19068,-0.226359)
(0.407446,-0.571161)
(-0.451821,0.698275)
(-0.254125,0.326168)
(0.591403,-0.834195)
(-0.686424,0.137363)
(0.559615,0.65048)
(0.14964,-0.684076)
(-0.956039,-0.241091)
(1.00957,1.06205)
(0.0155388,-0.986026)
(-0.755062,0.949652)
(0.0397136,-0.400756)
(0.26963,-1.18022)
(0.506597,0.977525)
(-0.0485762,0.989488)
(-0.902561,-0.984639)
(0.107133,-0.243138)
(0.797596,0.125508)
(-0.589102,0.0984362)
(0.50393,-0.00673641)
(-0.274713,0.609443)
(-0.26864,-0.936539)
(0.0584815,0.812258)
(0.380351,-0.965195)
(-0.40368,0.620782)
(0.409263,0.0833643)
(-0.121225,-0.398575)
(-0.269753,0.833162)
(0.374289,-0.830517)
(-0.786964,0.138673)
(0.54567,-0.543194)
