0.878541
0.764277
0.628215
0.487449
0.358783
0.459015
0.580292
0.709774
0.830409
0.925639
-0.959959
-0.996716
-0.994
-0.96114
-0.912314
-0.951729
-0.985623
-1
-0.981818
-0.923434
0.762594
0.616614
0.456245
0.299034
0.160778
0.268081
0.40191
0.551109
0.699256
0.828954
-0.882604
-0.959226
-0.995407
-0.997248
-0.976675
-0.994335
-0.999362
-0.978897
-0.922431
-0.825705
0.61456
0.443006
0.265079
0.0980375
-0.0439921
-0.153321
-0.29182
-0.449513
-0.610651
-0.757688
0.92051
0.980357
0.999969
0.986871
0.95402
0.91538
0.849085
0.747413
0.607966
0.435521
-0.140528
0.061845
0.249872
0.410168
0.53528
0.624711
0.72907
0.834405
0.923734
0.981966
-0.992878
-0.948509
-0.871294
-0.775648
-0.678369
-0.593675
-0.473638
-0.317722
-0.132275
0.0701585
-0.37077
-0.550295
-0.698558
-0.809601
-0.884617
-0.930434
-0.972978
-0.998022
-0.991851
-0.945837
0.801944
0.665125
0.511559
0.358731
0.22282
0.328418
0.458965
0.602732
0.743028
0.862638
-0.910545
-0.975168
-0.999467
-0.99057
-0.961155
-0.925076
-0.861915
-0.763648
-0.627456
-0.457696
0.362795
0.167591
-0.0222756
-0.191184
-0.328363
-0.429998
-0.55361
-0.686586
-0.811927
-0.912897
0.950382
0.993571
0.997021
0.969577
0.925099
0.961172
0.990579
0.999465
0.975155
0.91052
-0.741242
-0.590791
-0.427184
-0.26797
-0.128726
-0.0191615
0.122729
0.288949
0.46514
0.633967
-0.839463
-0.931739
-0.983671
-0.999941
-0.991388
-0.999771
-0.992714
-0.957992
-0.886281
-0.774784
0.704867
0.547485
0.378979
0.216866
0.0763268
-0.0335141
-0.174819
-0.338961
-0.51111
-0.673812
0.746969
0.865612
0.944817
0.986636
0.99977
0.991381
0.962806
0.903177
0.805459
0.669526
-0.411362
-0.219272
-0.0304009
0.139231
0.278168
0.171119
0.0297589
-0.139867
-0.32498
-0.508868
0.595595
0.745234
0.858096
0.932632
0.974356
0.993159
0.999683
0.980998
0.926452
0.831607
-0.769373
-0.624881
-0.465603
-0.30908
-0.171177
-0.278225
-0.411543
-0.559877
-0.706755
-0.834806
0.96286
0.997515
0.992791
0.958176
0.907946
0.856492
0.774695
0.65648
0.501628
0.317033
-0.0129773
0.188763
0.371445
0.523246
0.638738
0.719289
0.810485
0.897942
0.965076
0.998067
-0.969543
-0.900308
-0.801509
-0.688722
-0.579017
-0.486082
-0.357322
-0.19407
-0.004646
0.196938
-0.486305
-0.652391
-0.784195
-0.877914
-0.936912
-0.892911
-0.820089
-0.711392
-0.565314
-0.387515
0.289589
0.0907926
-0.09958
-0.266573
-0.400477
-0.498579
-0.616398
-0.740793
-0.85467
-0.941749
0.971607
0.999353
0.988061
0.947725
0.892937
0.936933
0.977009
0.998999
0.989374
0.939788
-0.790966
-0.65146
-0.495877
-0.341727
-0.205086
-0.311217
-0.442761
-0.588147
-0.730756
-0.853314
0.90289
0.970987
0.99871
0.992894
0.966008
0.988536
0.999956
0.987111
0.938894
0.850283
-0.649481
-0.482951
-0.308256
-0.142779
-0.00106676
0.10864
0.248427
0.408807
0.57435
0.727513
-0.901971
-0.970475
-0.998599
-0.993146
-0.966557
-0.932591
-0.872024
-0.776589
-0.643123
-0.475639
0.184996
-0.0168106
-0.205989
-0.368658
-0.496678
-0.588893
-0.697491
-0.808724
-0.905537
-0.972451
0.997237
0.961818
0.892521
0.803299
0.710785
0.783659
0.863786
0.93661
0.986037
0.999367
-0.990256
-0.941888
-0.861158
-0.762684
-0.663324
-0.741413
-0.829032
-0.911726
-0.973055
-0.999556
0.961101
0.885739
0.78172
0.664877
0.552306
0.640423
0.742805
0.845415
0.931314
0.9856
-0.997838
-0.990616
-0.946764
-0.878608
-0.80206
-0.862737
-0.925692
-0.976365
-0.999631
-0.984605
0.884526
0.772391
0.638028
0.49848
0.370588
0.266463
0.127174
-0.0425581
-0.231125
-0.42242
0.678512
0.812609
0.908332
0.966022
0.992901
0.97386
0.931839
0.856968
0.743771
0.593833
-0.50698
-0.322906
-0.137696
0.0319502
0.173278
0.0641916
-0.0778869
-0.24552
-0.42478
-0.598477
0.814125
0.914431
0.974563
0.998436
0.996282
0.99972
0.986276
0.944096
0.864512
0.74551
-0.67219
-0.509224
-0.336898
-0.17266
-0.0313229
0.0785126
0.219005
0.381007
0.549319
0.706421
-0.776168
-0.887294
-0.958618
-0.992975
-0.999721
-0.996277
-0.974003
-0.921601
-0.831345
-0.702314
0.452014
0.263011
0.075407
-0.0944707
-0.234606
-0.339829
-0.469687
-0.612348
-0.751076
-0.868699
0.978321
0.999984
0.982948
0.937637
0.878907
0.925929
0.970111
0.997188
0.99332
0.949698
-0.912
-0.810646
-0.68499
-0.551783
-0.428018
-0.326291
-0.189031
-0.0200838
0.169752
0.364837
-0.459644
-0.629161
-0.765062
-0.863025
-0.925907
-0.878879
-0.8024
-0.689802
-0.540097
-0.359445
0.0580182
-0.144323
-0.329234
-0.484317
-0.603421
-0.687256
-0.783269
-0.877199
-0.952292
-0.994254
0.979594
0.919006
0.827639
0.72069
0.615165
0.524965
0.399043
0.238074
0.0496986
-0.152562
0.44644
0.61758
0.75544
0.855448
0.92021
0.957596
0.988763
0.999799
0.977885
0.915689
-0.749692
-0.600973
-0.438613
-0.280163
-0.141288
-0.249035
-0.383779
-0.534551
-0.685026
-0.817766
0.873164
0.953467
0.993326
0.998516
0.980718
0.996238
0.998464
0.974678
0.914639
0.814423
-0.598888
-0.425245
-0.246017
-0.0783982
0.0636798
0.172773
0.310621
0.467037
0.626145
0.770407
-0.928035
-0.984055
-0.99993
-0.983495
-0.947925
-0.907265
-0.838505
-0.73417
-0.592195
-0.417689
0.120981
-0.0815105
-0.268913
-0.428069
-0.551829
-0.457014
-0.326344
-0.161631
0.0283167
0.229146
-0.329087
-0.512605
-0.666034
-0.782686
-0.862997
-0.802367
-0.709683
-0.580187
-0.41532
-0.223511
-0.0841073
-0.283159
-0.459782
-0.603465
-0.710382
-0.628886
-0.512349
-0.35959
-0.17624
0.0257119
-0.129487
-0.326626
-0.499823
-0.639221
-0.741757
-0.663708
-0.551001
-0.401792
-0.220971
-0.0199287
-0.285657
-0.472893
-0.631305
-0.753471
-0.839046
-0.893665
-0.948241
-0.98831
-0.999293
-0.971222
0.852468
0.729649
0.586835
0.441307
0.309677
0.412115
0.537084
0.672119
0.800261
0.904672
-0.944064
-0.991146
-0.998348
-0.974215
-0.932405
-0.966425
-0.993086
-0.998626
-0.970598
-0.902192
0.727864
0.57477
0.409275
0.248924
0.10915
0.217536
0.353669
0.506897
0.66107
0.798695
-0.856918
-0.943202
-0.989069
-0.999756
-0.986533
-0.962637
-0.914542
-0.832876
-0.712897
-0.556977
0.467627
0.279933
0.0929274
-0.0769526
-0.217478
-0.323241
-0.454093
-0.598353
-0.739352
-0.859855
0.908267
0.973941
0.999273
0.991306
0.962652
0.927142
0.864679
0.767172
0.631711
0.462558
-0.367893
-0.172987
0.0168003
0.185805
0.323185
0.425048
0.549041
0.682594
0.808718
0.910648
-0.948664
-0.992936
-0.997428
-0.970903
-0.927164
-0.962668
-0.991314
-0.999271
-0.973927
-0.908242
0.737555
0.586364
0.422226
0.26269
0.123293
0.231412
0.366953
0.51912
0.671688
0.807183
-0.864171
-0.947837
-0.991068
-0.99934
-0.984104
-0.958683
-0.908689
-0.82491
-0.702839
-0.545094
0.454993
0.266235
0.0787399
-0.0911422
-0.231355
-0.336683
-0.466733
-0.609702
-0.748865
-0.867038
0.914133
0.977072
0.999715
0.989332
0.9587
0.921713
0.857439
0.757961
0.620608
0.449886
-0.354614
-0.158945
0.0310363
0.199778
0.336628
0.437894
0.560887
0.692931
0.817012
0.916439
-0.953072
-0.994525
-0.996307
-0.967395
-0.921735
-0.873629
-0.795849
-0.681872
-0.530894
-0.349255
0.24996
0.0497386
-0.140438
-0.306005
-0.437841
-0.533825
-0.648277
-0.767806
-0.875308
-0.95479
0.980519
0.999987
0.980885
0.933793
0.873657
0.815011
0.724663
0.597561
0.434779
0.244412
-0.142291
0.0600674
0.248147
0.408543
0.533775
0.623319
0.72785
0.833423
0.92305
0.981628
-0.996144
-0.993391
-0.953637
-0.888932
-0.815045
-0.746565
-0.64474
-0.506045
-0.333421
-0.136621
0.0329074
-0.169149
-0.352863
-0.506154
-0.623273
-0.705298
-0.798648
-0.88899
-0.959662
-0.99663
0.999758
0.974817
0.91489
0.833352
0.746605
0.669119
0.557043
0.408427
0.228043
0.0271839
0.0768735
0.276191
0.453325
0.597663
0.705256
0.778772
0.859815
0.933838
0.984703
0.999615
-0.991316
-0.944489
-0.865112
-0.767724
-0.669162
-0.583604
-0.462628
-0.305884
-0.119915
0.0825813
-0.185727
-0.379903
-0.548321
-0.681965
-0.778735
-0.842856
-0.910615
-0.967427
-0.99787
-0.990547
0.970922
0.902773
0.804902
0.69284
0.583651
0.669206
0.767762
0.865141
0.944508
0.991324
-0.984235
-0.928412
-0.841176
-0.737501
-0.634346
-0.545713
-0.421445
-0.261859
-0.0742167
0.12824
-0.424325
-0.598074
-0.739118
-0.842469
-0.910318
-0.95023
-0.984792
-0.99999
-0.982727
-0.925285
0.765722
0.620424
0.460555
0.303658
0.165562
0.27275
0.406346
0.555149
0.702714
0.831657
-0.884873
-0.960586
-0.995859
-0.996877
-0.975622
-0.945659
-0.890031
-0.800017
-0.671818
-0.508791
0.416547
0.224826
0.0360931
-0.133589
-0.272693
-0.37659
-0.504078
-0.642997
-0.776485
-0.887526
0.930613
0.985273
0.999823
0.982207
0.945678
0.975635
0.996881
0.995854
0.960569
0.884846
-0.700816
-0.542711
-0.373703
-0.211302
-0.0706468
0.0392057
0.180424
0.344314
0.515997
0.678009
-0.869739
-0.951339
-0.992496
-0.998872
-0.982059
-0.955445
-0.903969
-0.818544
-0.694848
-0.535694
0.25293
0.052803
-0.1374
-0.303083
-0.43508
-0.333681
-0.196713
-0.0279105
0.162032
0.357536
-0.452677
-0.623057
-0.759997
-0.859044
-0.922921
-0.959584
-0.989782
-0.999635
-0.976401
-0.91286
0.865476
0.746788
0.60722
0.463965
0.333737
0.228312
0.0880277
-0.081857
-0.269248
-0.457775
0.547713
0.70506
0.826674
0.909991
0.959568
0.984655
0.999449
0.990647
0.946836
0.862593
-0.805333
-0.669368
-0.516445
-0.364042
-0.228369
-0.120189
0.0217193
0.190637
0.373217
0.552495
-0.636144
-0.778562
-0.883384
-0.949965
-0.984644
-0.997852
-0.997064
-0.969713
-0.905854
-0.801925
0.73548
0.583876
0.419443
0.259728
0.120248
0.0106177
-0.131204
-0.297119
-0.472687
-0.640552
0.716906
0.842675
0.929442
0.978485
0.997849
0.999018
0.982656
0.937087
0.853949
0.731588
-0.656758
-0.491344
-0.317383
-0.152283
-0.0106764
0.099082
0.239107
0.400018
0.566457
0.720886
-0.789023
-0.896629
-0.964293
-0.995207
-0.999021
-0.988138
-0.956401
-0.893162
-0.791748
-0.652429
0.570117
0.392887
0.211497
0.0430023
-0.0990235
-0.207587
-0.344127
-0.498094
-0.653397
-0.792527
0.851626
0.939771
0.987516
0.999929
0.988147
0.965344
0.918613
0.838468
0.72
0.565404
-0.476602
-0.289693
-0.10306
0.0667974
0.20753
0.313589
0.444998
0.590164
0.732458
0.854613
-0.90396
-0.971581
-0.998833
-0.992594
-0.965359
-0.930909
-0.869749
-0.773663
-0.639571
-0.471561
0.377341
0.183006
-0.00661951
-0.175792
-0.313533
-0.41581
-0.540503
-0.675118
-0.802688
-0.906394
0.945395
0.991677
0.998106
0.973291
0.930931
0.88525
0.810398
0.69953
0.551429
0.372032
-0.273529
-0.0741128
0.116219
0.282666
0.415756
0.513017
0.629491
0.751932
0.863239
0.947246
-0.975431
-0.999815
-0.985345
-0.942252
-0.885278
-0.828917
-0.741275
-0.616962
-0.456639
-0.268017
0.16642
-0.0356743
-0.224417
-0.386133
-0.512966
-0.604038
-0.710888
-0.819679
-0.913381
-0.976676
0.993705
0.995897
0.960702
0.899852
0.82895
0.762589
0.663214
0.526956
0.356343
0.160771
-0.0573036
0.145031
0.32991
0.484943
0.603991
0.687776
0.783714
0.877543
0.95251
0.99433
-0.999997
-0.979972
-0.924475
-0.846601
-0.762627
-0.687066
-0.577156
-0.430595
-0.25175
-0.0515861
-0.0525036
-0.25264
-0.431424
-0.577906
-0.687734
-0.763221
-0.84709
-0.924825
-0.980154
-0.999994
0.994232
0.95223
0.877102
0.783143
0.687109
0.603259
0.484139
0.329042
0.144122
-0.0582208
0.161678
0.357202
0.527736
0.663901
0.763183
0.687691
0.577858
0.431371
0.252583
0.0524449
0.254328
0.443977
0.60574
0.731682
0.820901
0.878594
0.937408
0.982827
0.999987
0.978457
-0.869024
-0.751509
-0.612867
-0.470267
-0.340447
-0.235245
-0.0951248
0.0747518
0.262377
0.451427
-0.701846
-0.830979
-0.921346
-0.973854
-0.99622
-0.999737
-0.986394
-0.944332
-0.864872
-0.745987
0.507597
0.323583
0.138405
-0.0312347
-0.172573
-0.279586
-0.412835
-0.561051
-0.707757
-0.835585
0.963242
0.997614
0.99262
0.957769
0.907351
0.855759
0.773798
0.65541
0.500401
0.315688
-0.0115597
0.190155
0.372761
0.524453
0.639828
0.55166
0.427885
0.268717
0.0813082
-0.121183
0.223709
0.415505
0.580352
0.709826
0.802488
0.863099
0.925962
0.97652
0.99965
0.98448
-0.960903
-0.885406
-0.781274
-0.664342
-0.551709
-0.456885
-0.326208
-0.161488
0.0284608
0.229286
-0.329223
-0.512729
-0.666142
-0.782776
-0.86307
-0.802453
-0.709785
-0.580304
-0.415451
-0.223652
-0.0839636
-0.283021
-0.459654
-0.60335
-0.710281
-0.783214
-0.863425
-0.936359
-0.985917
-0.999393
0.941251
0.853902
0.739801
0.615235
0.497299
0.399124
0.26515
0.0981108
-0.0922628
-0.291002
0.568676
0.722752
0.840626
0.920176
0.966373
0.932332
0.871674
0.776138
0.642575
0.475009
-0.380963
-0.186853
0.00270509
0.171937
0.309814
0.412247
0.537205
0.672225
0.800347
0.904733
-0.944112
-0.991165
-0.998339
-0.974182
-0.932353
-0.887064
-0.812685
-0.702322
-0.554691
-0.375663
0.277292
0.078016
-0.11233
-0.278909
-0.412193
-0.309758
-0.171879
-0.00264632
0.186911
0.381017
-0.644614
-0.785435
-0.888498
-0.953352
-0.98651
-0.998514
-0.996159
-0.966961
-0.901127
-0.795288
0.572754
0.395839
0.214635
0.0462116
-0.0958262
-0.204443
-0.341109
-0.495306
-0.650961
-0.790564
0.939563
0.989279
0.999028
0.977149
0.937162
0.96978
0.994569
0.997834
0.967287
0.896334
-0.845389
-0.720424
-0.575938
-0.429248
-0.296914
-0.190368
-0.0493157
0.120461
0.306409
0.491923
-0.57976
-0.732041
-0.847882
-0.925392
-0.969766
-0.990684
-0.999984
-0.984607
-0.933641
-0.842317
0.781727
0.640041
0.482834
0.327633
0.190426
0.29697
0.429301
0.575986
0.720465
0.845421
-0.96796
-0.998703
-0.990255
-0.952391
-0.89957
-0.846226
-0.762171
-0.641591
-0.484601
-0.298411
-0.00659459
-0.207946
-0.389545
-0.539824
-0.653674
-0.732748
-0.821794
-0.906383
-0.970018
-0.999092
0.964564
0.891618
0.789652
0.6744
0.56295
0.650218
0.751329
0.852194
0.935908
0.987687
-0.998598
-0.988782
-0.942558
-0.872412
-0.794337
-0.722902
-0.617682
-0.475649
-0.300329
-0.101981
-0.00197829
-0.203428
-0.385289
-0.535932
-0.650174
-0.729598
-0.819155
-0.904424
-0.968886
-0.998885
0.998381
0.966444
0.90025
0.813563
0.722943
0.642787
0.527732
0.376336
0.193939
-0.00770423
0.111608
0.309551
0.484143
0.625267
0.729558
0.800181
0.877104
0.945748
0.990182
0.998039
-0.986126
-0.932453
-0.847088
-0.744904
-0.642832
-0.554921
-0.43142
-0.272486
-0.0852091
0.117296
-0.219892
-0.411941
-0.57716
-0.707063
-0.800146
-0.729518
-0.625222
-0.484092
-0.309495
-0.11155
-0.196552
-0.390081
-0.557509
-0.689988
-0.785606
-0.848739
-0.915117
-0.97016
-0.998529
-0.988974
0.896825
0.789295
0.65863
0.521755
0.395585
0.292446
0.153967
-0.0155077
-0.204714
-0.397739
0.658387
0.796541
0.896682
0.958675
0.989319
0.999339
0.994405
0.962174
0.893108
0.784152
-0.557778
-0.379103
-0.196869
-0.0280698
0.113881
0.22218
0.358118
0.510995
0.664635
0.801551
-0.945624
-0.991767
-0.998063
-0.97313
-0.930674
-0.884924
-0.809986
-0.699029
-0.550844
-0.37138
0.070814
-0.131623
-0.317099
-0.473059
-0.593146
-0.677886
-0.775233
-0.870971
-0.948301
-0.992799
0.98209
0.923985
0.834767
0.72952
0.625224
0.535835
0.410767
0.250508
0.0625008
-0.139878
0.43493
0.607445
0.746977
0.848737
0.915116
0.953823
0.986765
0.999974
0.980487
0.920767
-0.758116
-0.611172
-0.4501
-0.292449
-0.15397
-0.0446485
0.0973836
0.264445
0.442417
0.614042
-0.825334
-0.922177
-0.978763
-0.999339
-0.994405
-0.976815
-0.936615
-0.863794
-0.752657
-0.604556
0.333097
0.136281
-0.0539303
-0.222177
-0.358115
-0.458379
-0.579709
-0.70927
-0.83001
-0.925368
0.996868
0.992358
0.95099
0.884925
0.809988
0.740766
0.638085
0.498543
0.32523
0.128023
0.180256
0.37475
0.543658
0.677884
0.775232
0.839848
0.908301
0.966003
0.997492
0.991295
-0.904042
-0.799374
-0.671025
-0.535838
-0.41077
-0.308272
-0.17034
-0.00108443
0.188445
0.382461
-0.645807
-0.7864
-0.889213
-0.953822
-0.986764
-0.998598
-0.996021
-0.966561
-0.900449
-0.794341
0.571473
0.394405
0.21311
0.0446514
-0.0973808
-0.205972
-0.342577
-0.496662
-0.652146
-0.79152
0.940097
0.989505
0.998958
0.976816
0.936616
0.892529
0.819605
0.710797
0.564616
0.386735
-0.0873545
0.115158
0.30132
0.458376
0.579707
0.486821
0.358113
0.1949
0.00549206
-0.196108
0.296976
0.483286
0.640437
0.761197
0.845424
0.898912
0.951932
0.990044
0.998778
0.968336
-0.93714
-0.847608
-0.73169
-0.60575
-0.486873
-0.388114
-0.253583
-0.0861854
0.104181
0.302439
-0.399881
-0.576359
-0.720782
-0.827713
-0.898887
-0.94153
-0.979777
-0.999508
-0.987338
-0.935126
0.89323
0.784319
0.652543
0.51486
0.388168
0.284727
0.145996
-0.0235681
-0.212598
-0.405123
0.497964
0.662483
0.792436
0.884249
0.94151
0.972795
0.995809
0.99692
0.963993
0.890641
-0.838549
-0.711574
-0.565527
-0.417763
-0.284783
-0.388222
-0.514911
-0.652587
-0.784356
-0.893256
0.987757
0.998931
0.972069
0.918314
0.852944
0.790532
0.695759
0.564135
0.397437
0.204392
0.103593
0.301875
0.477074
0.618956
0.724021
0.79532
0.873203
0.943098
0.989023
0.998511
-0.934411
-0.843476
-0.726392
-0.599573
-0.480097
-0.573431
-0.68375
-0.797403
-0.897312
-0.967846
0.988751
0.998609
0.970523
0.915722
0.849533
0.786535
0.691076
0.558756
0.391464
0.198025
-0.0950624
0.107466
0.293931
0.451483
0.573383
0.659798
0.759635
0.858759
0.940298
0.989591
-0.999189
-0.986809
-0.938247
-0.866146
-0.786571
-0.849564
-0.915745
-0.970537
-0.998613
-0.988742
0.896133
0.788335
0.657454
0.520422
0.39415
0.290952
0.152424
-0.0170694
-0.206243
-0.399171
0.659561
0.797485
0.897372
0.959118
0.989545
0.999394
0.994239
0.961747
0.892405
0.783182
-0.556481
-0.377657
-0.195338
-0.0265085
0.115432
0.00576851
-0.13601
-0.301746
-0.476955
-0.644268
0.720278
0.845277
0.93122
0.979474
0.998155
0.998792
0.981746
0.935383
0.851416
0.728273
-0.653093
-0.487114
-0.312781
-0.147489
-0.00582728
0.103906
0.243813
0.404458
0.570446
0.724238
-0.791992
-0.898765
-0.965566
-0.99567
-0.998795
-0.998151
-0.979462
-0.931198
-0.845245
-0.720237
0.474611
0.287526
0.100808
-0.069056
-0.209743
-0.315738
-0.447024
-0.59199
-0.733997
-0.855786
0.972722
0.999513
0.987317
0.946195
0.890784
0.835557
0.74926
0.626343
0.467261
0.279536
0.0263081
0.22719
0.407627
0.556315
0.668467
0.582844
0.461799
0.304994
0.118987
-0.0835129
0.186646
0.380768
0.549102
0.682648
0.779321
0.843359
0.911001
0.967663
0.997931
0.990418
-0.970698
-0.90237
-0.804347
-0.692165
-0.582892
-0.490237
-0.361765
-0.198738
-0.00940642
0.192268
-0.293236
-0.479855
-0.637426
-0.758653
-0.843327
-0.89719
-0.950725
-0.989486
-0.998964
-0.969306
0.938498
0.849679
0.734353
0.608859
0.490288
0.391719
0.257368
0.0900847
-0.100287
-0.298705
0.39629
0.573156
0.718063
0.82551
0.897164
0.940204
0.978986
0.999378
0.987952
0.936506
-0.894983
-0.786742
-0.655504
-0.518212
-0.391773
-0.288477
-0.149868
0.0196545
0.208772
0.401541
-0.494566
-0.659546
-0.790042
-0.882414
-0.940184
-0.971881
-0.995443
-0.99722
-0.965027
-0.892414
0.840676
0.714319
0.568751
0.421317
0.288534
0.181758
0.0405608
-0.129157
-0.314739
-0.499534
0.586878
0.737984
0.852495
0.928678
0.971867
0.940164
0.882386
0.790006
0.659502
0.494515
-0.206165
-0.00477483
0.18482
0.348508
0.477828
0.571311
0.681861
0.79584
0.896168
0.967192
-0.998608
-0.967501
-0.902048
-0.815968
-0.725802
-0.645958
-0.531251
-0.380175
-0.198006
0.00355684
-0.308084
-0.493456
-0.649344
-0.768704
-0.851591
-0.903957
-0.955437
-0.991618
-0.998134
-0.965361
0.839955
0.713388
0.567658
0.420111
0.287261
0.180451
0.0392329
-0.130474
-0.316
-0.500685
0.740633
0.860827
0.941669
0.985047
0.999521
0.996883
0.975641
0.924428
0.835405
0.707525
-0.458554
-0.270091
-0.0827301
0.0871549
0.227459
0.119261
-0.0226539
-0.191555
-0.374084
-0.553274
0.636865
0.779148
0.883821
0.950257
0.984807
0.997913
0.996992
0.969484
0.905457
0.801366
-0.734846
-0.583116
-0.418594
-0.258826
-0.11932
-0.00968286
0.132131
0.298012
0.47351
0.64127
-0.717557
-0.843178
-0.929786
-0.978678
-0.997909
-0.998976
-0.982483
-0.93676
-0.853462
-0.73095
0.656053
0.490529
0.316496
0.151359
0.00974162
-0.100012
-0.240015
-0.400875
-0.567227
-0.721533
0.789597
0.897042
0.96454
0.995298
0.998979
0.987994
0.956127
0.892741
0.791176
0.65172
-0.569349
-0.392027
-0.210583
-0.0420682
0.0999538
-0.00980039
-0.151417
-0.316552
-0.49058
-0.656097
0.854848
0.941864
0.988471
0.999836
0.98718
0.963713
0.916154
0.835085
0.715699
0.560297
-0.281275
-0.0821501
0.108208
0.274924
0.408411
0.50608
0.623206
0.746593
0.859141
0.944631
-0.999695
-0.984169
-0.932747
-0.85826
-0.776862
-0.703099
-0.595224
-0.450615
-0.27327
-0.0738438
-0.233534
-0.424664
-0.588542
-0.716899
-0.808469
-0.868152
-0.929726
-0.978644
-0.999866
-0.982658
0.879433
0.765481
0.629668
0.489081
0.360528
0.256029
0.116446
-0.0533542
-0.241627
-0.432192
0.686412
0.818861
0.912799
0.968759
0.994129
0.999999
0.989692
0.951169
0.875436
0.760094
-0.525953
-0.343796
-0.159607
0.00979757
0.151415
0.258936
0.393212
0.543174
0.692448
0.823615
-0.957261
-0.995904
-0.994992
-0.963714
-0.916155
-0.866655
-0.787201
-0.671452
-0.518849
-0.33596
0.0329961
-0.169062
-0.35278
-0.506078
-0.623204
-0.705235
-0.798594
-0.888949
-0.959637
-0.996623
0.974253
0.908843
0.813322
0.703101
0.595226
0.503483
0.375952
0.213673
0.0246679
-0.177267
0.468711
0.637085
0.771614
0.868151
0.929725
0.964512
0.992197
0.998984
0.97234
0.905336
-0.732882
-0.580766
-0.415967
-0.256032
-0.116449
-0.2247
-0.360531
-0.513216
-0.666564
-0.803094
0.860681
0.945617
0.990126
0.999567
0.985305
0.960621
0.911546
0.828788
0.707726
0.550861
-0.461121
-0.272874
-0.0856106
0.0842748
0.224643
0.330183
0.460625
0.604223
0.744278
0.863583
-0.911316
-0.975581
-0.999526
-0.990313
-0.960638
-0.985315
-0.999568
-0.990117
-0.945598
-0.860652
0.664576
0.500387
0.327242
0.162568
0.0210896
-0.0887136
-0.228982
-0.390452
-0.557844
-0.713629
0.893144
0.965451
0.997339
0.995287
0.971498
0.939631
0.88165
0.789048
0.658327
0.493157
-0.204637
-0.00321295
0.186354
0.349971
0.479199
0.572592
0.683002
0.796785
0.89686
0.967588
-0.998525
-0.967105
-0.901373
-0.815064
-0.724727
-0.644765
-0.529927
-0.37873
-0.196474
0.00511872
-0.30957
-0.494814
-0.650531
-0.769702
-0.852409
-0.904624
-0.955897
-0.991818
-0.998038
-0.964952
0.839107
0.712293
0.566371
0.418693
0.285765
0.178914
0.0376722
-0.132023
-0.317482
-0.502037
0.741682
0.86162
0.942193
0.985315
0.999568
0.996759
0.975297
0.923831
0.834545
0.70642
-0.457166
-0.268587
-0.0811734
0.0887108
0.228979
0.334383
0.464573
0.607765
0.747244
0.865819
-0.977107
-0.999934
-0.983995
-0.939632
-0.881652
-0.928098
-0.971499
-0.997604
-0.992636
-0.947871
0.909612
0.807245
0.680765
0.54695
0.422783
0.320818
0.183348
0.0143005
-0.175449
-0.370216
0.464773
0.633647
0.768774
0.865932
0.928076
0.963326
0.991632
0.999175
0.973371
0.907218
-0.858576
-0.737666
-0.596348
-0.451864
-0.320874
-0.422837
-0.546999
-0.680808
-0.80728
-0.909636
0.992956
0.996465
0.962486
0.902668
0.832568
0.766778
0.668065
0.532469
0.362409
0.167183
0.141177
0.337754
0.510007
0.64825
0.749618
0.817701
0.89103
0.955011
0.993908
0.99573
-0.920254
-0.822532
-0.699849
-0.568841
-0.44654
-0.542001
-0.655631
-0.773983
-0.879957
-0.957628
0.982378
0.999889
0.978952
0.930279
0.868897
0.809352
0.717946
0.589756
0.426024
0.234996
-0.132685
0.0697456
0.25753
0.417376
0.541951
0.630874
0.734467
0.838743
0.926737
0.983432
-0.996948
-0.992231
-0.950673
-0.884448
-0.809387
-0.868926
-0.9303
-0.978964
-0.99989
-0.982367
0.878688
0.764475
0.628454
0.487718
0.359071
0.254519
0.114895
-0.0549138
-0.243143
-0.4336
0.687547
0.819757
0.913436
0.969145
0.994296
0.999995
0.989467
0.950685
0.87468
0.759078
-0.524624
-0.342328
-0.158065
0.0113594
0.152958
0.260445
0.394648
0.544485
0.693574
0.8245
-0.957711
-0.996044
-0.994834
-0.963296
-0.915528
-0.865875
-0.786237
-0.670294
-0.517513
-0.334488
0.031435
-0.170601
-0.354241
-0.507424
-0.624425
-0.706341
-0.799533
-0.889664
-0.960075
-0.99675
0.973899
0.90819
0.812412
0.701989
0.59397
0.678638
0.77588
0.871473
0.948625
0.992921
-0.999889
-0.982387
-0.929174
-0.853196
-0.770662
-0.696105
-0.587331
-0.441856
-0.263842
-0.0640797
-0.0400024
-0.240511
-0.4201
-0.567648
-0.678595
-0.755076
-0.840373
-0.919992
-0.977597
-0.999958
0.995496
0.955977
0.883044
0.790864
0.696148
0.7707
0.853226
0.929196
0.982398
0.999888
-0.947779
-0.864079
-0.75303
-0.630785
-0.514447
-0.417272
-0.284265
-0.117874
0.0724505
0.271926
-0.552212
-0.70887
-0.829694
-0.912211
-0.96107
-0.985581
-0.999613
-0.989897
-0.945089
-0.859855
0.663408
0.499035
0.325765
0.161027
0.019528
0.129089
0.268324
0.427516
0.591087
0.741488
-0.807217
-0.909592
-0.971851
-0.997706
-0.997229
-0.98305
-0.947144
-0.879172
-0.772938
-0.629244
0.545045
0.364935
0.181882
0.0128093
-0.129031
-0.237036
-0.372327
-0.524055
-0.675961
-0.810584
0.867067
0.949665
0.991823
0.999113
0.98306
0.957021
0.90626
0.821627
0.698713
0.540235
-0.449835
-0.260655
-0.0729724
0.0969008
0.236979
0.342124
0.471841
0.614276
0.752685
0.869906
-0.916462
-0.978287
-0.999836
-0.988473
-0.957038
-0.919454
-0.854448
-0.754175
-0.616062
-0.444713
0.3492
0.153232
-0.0368171
-0.205443
-0.342069
-0.236922
-0.0968423
0.073031
0.260712
0.449887
-0.700616
-0.830018
-0.920674
-0.97346
-0.996069
-0.999775
-0.986676
-0.944898
-0.865737
-0.747135
0.509083
0.325215
0.140114
-0.02951
-0.170873
-0.277929
-0.411263
-0.559622
-0.706537
-0.834636
0.962777
0.997493
0.992828
0.958264
0.908075
0.856651
0.77489
0.656712
0.501894
0.317325
-0.0132852
0.18846
0.371159
0.522984
0.638501
0.719075
0.810305
0.897806
0.964995
0.998048
-0.969618
-0.900442
-0.801693
-0.688945
-0.579268
-0.486351
-0.35761
-0.194372
-0.00495382
0.196636
-0.486036
-0.652158
-0.784004
-0.877767
-0.936805
-0.892772
-0.819913
-0.711176
-0.56506
-0.387231
0.289294
0.090486
-0.0998863
-0.26687
-0.400759
-0.498846
-0.616641
-0.741
-0.854829
-0.941853
0.97168
0.999364
0.988014
0.947627
0.892798
0.837995
0.752201
0.629808
0.471193
0.283808
-0.182597
0.0192516
0.208378
0.370926
0.498795
0.400705
0.266813
0.0998279
-0.0905445
-0.289351
0.567256
0.721558
0.839691
0.919499
0.965928
0.98849
0.999953
0.98716
0.939
0.850445
-0.649715
-0.483221
-0.308548
-0.143083
-0.0013746
0.108334
0.248129
0.408526
0.574098
0.727301
-0.901838
-0.9704
-0.998583
-0.993182
-0.966636
-0.932702
-0.872175
-0.776783
-0.643359
-0.47591
0.185299
-0.0165028
-0.205688
-0.368372
-0.49641
-0.588644
-0.69727
-0.808543
-0.905406
-0.972379
0.99726
0.961902
0.89266
0.803483
0.711001
0.62957
0.513105
0.36041
0.177105
-0.0248327
0.328257
0.51185
0.665378
0.782138
0.862552
0.801841
0.709063
0.57947
0.41452
0.222654
-0.120108
0.082387
0.26976
0.428863
0.552563
0.64066
0.743011
0.845579
0.931426
0.985652
-0.997858
-0.990574
-0.946664
-0.878461
-0.801877
-0.731492
-0.627475
-0.486619
-0.312243
-0.114422
0.0105362
-0.191159
-0.373711
-0.525325
-0.640615
-0.552514
-0.42881
-0.269703
-0.0823285
0.120167
-0.416943
-0.591534
-0.733612
-0.838057
-0.90692
-0.947663
-0.983346
-0.99992
-0.984201
-0.92834
0.77093
0.626785
0.467762
0.311401
0.173581
0.0644988
-0.07758
-0.245222
-0.424502
-0.598231
0.813946
0.914307
0.974494
0.998418
0.996308
0.999713
0.986225
0.943995
0.864357
0.745305
-0.671962
-0.508959
-0.336608
-0.172357
-0.0310152
0.0788194
0.219306
0.381292
0.549576
0.706638
-0.776362
-0.887436
-0.958706
-0.993012
-0.999714
-0.991058
-0.962144
-0.902126
-0.80401
-0.66771
0.586712
0.411512
0.231335
0.0633167
-0.0787609
0.031074
0.172415
0.336663
0.50901
0.672006
-0.865694
-0.9488
-0.991469
-0.999225
-0.983561
-0.957815
-0.907418
-0.823191
-0.700677
-0.542547
0.260793
0.0609266
-0.129335
-0.295319
-0.42774
-0.524317
-0.639705
-0.760579
-0.869835
-0.951399
0.999994
0.980175
0.924865
0.847146
0.763289
0.829555
0.900323
0.961002
0.995995
0.993583
-0.976443
-0.91294
-0.819059
-0.710126
-0.603175
-0.512037
-0.385134
-0.223362
-0.0345926
0.167487
-0.26906
-0.457602
-0.617814
-0.742001
-0.829522
-0.885781
-0.942614
-0.985529
-0.999793
-0.975192
0.946898
0.862692
0.751218
0.628649
0.512087
0.414772
0.281628
0.115144
-0.0751922
-0.27457
0.373036
0.552332
0.700303
0.811031
0.885753
0.931326
0.973539
0.998172
0.991537
0.945042
-0.905936
-0.802042
-0.674319
-0.539592
-0.414825
-0.312505
-0.174726
-0.00553711
0.18407
0.378343
-0.472515
-0.640402
-0.774349
-0.870282
-0.931304
-0.885726
-0.810997
-0.700261
-0.552283
-0.372982
0.0725351
-0.129913
-0.315462
-0.471538
-0.591756
-0.676616
-0.774142
-0.870122
-0.947752
-0.992591
0.982414
0.924644
0.835716
0.730699
0.62657
0.537291
0.41234
0.252178
0.0642229
-0.138169
0.433375
0.606073
0.745828
0.847824
0.914419
0.953303
0.986483
0.999985
0.980824
0.921439
-0.75924
-0.612536
-0.45164
-0.294098
-0.155675
-0.0463723
0.0956662
0.262781
0.440869
0.612679
-0.824358
-0.921509
-0.978408
-0.999274
-0.994586
-0.977183
-0.937218
-0.864662
-0.753792
-0.60593
0.334724
0.137991
-0.0522072
-0.220494
-0.356504
-0.456844
-0.578302
-0.708052
-0.829046
-0.924712
0.99673
0.992569
0.951523
0.885727
0.810998
0.741924
0.639412
0.500039
0.326861
0.129734
0.178559
0.373149
0.542209
0.676614
0.774141
0.83891
0.907578
0.965555
0.997368
0.991521
-0.904778
-0.80041
-0.672303
-0.537294
-0.412342
-0.309913
-0.17204
-0.00280996
0.18675
0.380866
-0.644489
-0.785333
-0.888423
-0.953302
-0.986483
-0.998505
-0.996173
-0.967002
-0.901198
-0.795388
0.572888
0.39599
0.214795
0.0463751
-0.0956633
-0.204283
-0.340955
-0.495164
-0.650837
-0.790464
0.939507
0.989255
0.999035
0.977184
0.937219
0.893306
0.820592
0.71201
0.566039
0.388325
-0.0890733
0.113443
0.299674
0.456842
0.5783
0.664306
0.763533
0.861825
0.942328
0.990438
-0.985377
-0.930835
-0.844713
-0.741926
-0.639414
-0.551211
-0.427399
-0.268199
-0.0807718
0.121717
-0.418363
-0.592792
-0.734673
-0.838909
-0.907577
-0.948161
-0.983629
-0.999938
-0.983923
-0.927758
0.769934
0.625567
0.466381
0.309916
0.172043
0.06294
-0.0791371
-0.246736
-0.425915
-0.599481
0.814853
0.914938
0.974844
0.998505
0.996173
0.980573
0.942876
0.872878
0.764591
0.619045
-0.350312
-0.154405
0.0356306
0.20428
0.340953
0.235768
0.0956605
-0.074215
-0.261858
-0.450947
0.541283
0.699603
0.822337
0.906786
0.957382
0.983288
0.999165
0.991663
0.949274
0.866446
-0.809853
-0.675043
-0.522994
-0.37117
-0.235825
-0.127795
0.0140552
0.183107
0.366095
0.546089
-0.630211
-0.773728
-0.879765
-0.947543
-0.983277
-0.997321
-0.997621
-0.971557
-0.909074
-0.806481
0.740651
0.590082
0.426389
0.267123
0.127854
0.0182822
-0.123602
-0.289791
-0.465918
-0.634647
0.711541
0.838524
0.926586
0.976875
0.997317
0.999329
0.984049
0.939736
0.857913
0.736792
-0.662519
-0.498005
-0.324643
-0.159855
-0.0183409
-0.127912
-0.26718
-0.426442
-0.590129
-0.740691
0.910181
0.974973
0.999438
0.990691
0.961398
0.92541
0.862361
0.764216
0.62814
0.458478
-0.165889
0.0362122
0.224942
0.386629
0.513428
0.604467
0.711267
0.819987
0.9136
0.976792
-0.995608
-0.956325
-0.8836
-0.79159
-0.696999
-0.771456
-0.853845
-0.929634
-0.982619
-0.999869
0.992773
0.94823
0.870862
0.775093
0.677722
0.592967
0.472863
0.316888
0.131403
-0.0710358
0.174337
0.369166
0.5386
0.67345
0.771418
0.836568
0.905769
0.964431
0.997048
0.992069
-0.973629
-0.907693
-0.811719
-0.701143
-0.593015
-0.677765
-0.77513
-0.870891
-0.948249
-0.99278
0.982121
0.924048
0.834857
0.729632
0.625351
0.535973
0.410916
0.250666
0.0626641
-0.139716
0.434782
0.607315
0.746868
0.848651
0.91505
0.953774
0.986738
0.999975
0.980519
0.920831
-0.758223
-0.611301
-0.450246
-0.292605
-0.154132
-0.261591
-0.395738
-0.54548
-0.694428
-0.825171
0.87942
0.957302
0.99474
0.997724
0.978098
0.949361
0.895251
0.806911
0.68035
0.518726
-0.427046
-0.236094
-0.0476627
0.122104
0.261534
0.365838
0.494044
0.634085
0.769136
0.882131
-0.926312
-0.983227
-0.999974
-0.984316
-0.949379
-0.97811
-0.997728
-0.994734
-0.957285
-0.879392
0.692509
0.532948
0.362937
0.19997
0.0590915
-0.0507737
-0.191801
-0.355162
-0.525881
-0.686475
0.875395
0.954843
0.993846
0.998255
0.979809
0.951963
0.898957
0.811837
0.686474
0.52588
-0.24171
-0.0412361
0.14886
0.314097
0.445477
0.344575
0.208053
0.0394836
-0.150594
-0.346698
0.442322
0.613958
0.75242
0.853058
0.918401
0.956261
0.988065
0.999881
0.978836
0.917527
-0.871219
-0.754439
-0.616379
-0.474192
-0.34463
-0.23957
-0.0995563
0.0703108
0.258078
0.44745
-0.537988
-0.696801
-0.820103
-0.905128
-0.956244
-0.982568
-0.998997
-0.99216
-0.950497
-0.868393
0.812144
0.677926
0.526326
0.374802
0.239627
0.131677
-0.010141
-0.179257
-0.362449
-0.542806
0.627167
0.771242
0.877898
0.946284
0.982557
0.997027
0.997884
0.972476
0.910698
0.808789
-0.743276
-0.593237
-0.429926
-0.270893
-0.131735
-0.0221958
0.119716
0.286043
0.462451
0.631617
-0.708785
-0.836384
-0.925107
-0.976031
-0.997023
-0.999464
-0.984738
-0.941067
-0.859917
-0.739433
0.665446
0.501396
0.328343
0.163718
0.0222546
-0.0875528
-0.227848
-0.389379
-0.556876
-0.712812
0.781856
0.891441
0.961161
0.994008
0.999466
0.997018
0.976018
0.925084
0.836352
0.708743
-0.460087
-0.271752
-0.0844496
0.0854358
0.225778
0.331283
0.461659
0.605151
0.745056
0.86417
-0.976402
-0.999891
-0.984575
-0.940751
-0.883198
-0.826418
-0.738279
-0.613452
-0.452673
-0.263725
-0.0427273
-0.243158
-0.422574
-0.569891
-0.680595
-0.756861
-0.841848
-0.921058
-0.978167
-0.999979
0.954399
0.874673
0.766964
0.647277
0.532714
0.43666
0.304755
0.139138
-0.0510498
-0.251231
0.534211
0.693585
0.817534
0.903217
0.954925
0.981726
0.998787
0.992709
0.951878
0.870604
-0.679298
-0.5175
-0.345961
-0.18215
-0.0409599
-0.150321
-0.288916
-0.4468
-0.608245
-0.755703
0.819687
0.918292
0.976679
0.998928
0.995405
0.978893
0.940048
0.868754
0.759157
0.612435
-0.526944
-0.34489
-0.160757
0.00863234
0.150263
0.257811
0.39214
0.542195
0.691606
0.822953
-0.877549
-0.956163
-0.994331
-0.997981
-0.978905
-0.950583
-0.896988
-0.809217
-0.683213
-0.522069
0.430582
0.239896
0.0515723
-0.118218
-0.257754
-0.362192
-0.490636
-0.631053
-0.766628
-0.88028
0.92483
0.982506
0.999994
0.984999
0.950602
0.910812
0.843112
0.739922
0.599032
0.425407
-0.329029
-0.132009
0.0582346
0.226378
0.362137
0.257697
0.11816
-0.051631
-0.239953
-0.430635
0.685157
0.817869
0.912093
0.96833
0.99394
1
0.989938
0.9517
0.876269
0.761214
-0.52742
-0.345415
-0.16131
0.0080721
0.149709
0.257269
0.391625
0.541724
0.691202
0.822635
-0.95676
-0.995747
-0.995163
-0.964173
-0.916845
-0.867515
-0.788264
-0.67273
-0.520323
-0.337585
0.0347206
-0.167361
-0.351165
-0.504589
-0.621853
-0.70401
-0.797554
-0.888158
-0.95915
-0.99648
0.97464
0.909562
0.814325
0.704327
0.596612
0.504973
0.37755
0.215359
0.0263929
-0.175569
0.467186
0.635754
0.770515
0.867293
0.929088
0.964055
0.99198
0.99906
0.972742
0.906068
-0.734055
-0.582169
-0.417535
-0.2577
-0.118163
-0.00851763
0.133286
0.299124
0.474537
0.642163
-0.8452
-0.935552
-0.985531
-1
-0.989938
-0.968441
-0.923342
-0.845022
-0.728372
-0.575375
0.298805
0.100392
-0.0899802
-0.257267
-0.391622
-0.490197
-0.608776
-0.734281
-0.849623
-0.938462
0.999075
0.98725
0.939195
0.867516
0.788266
0.716006
0.609843
0.466891
0.290844
0.0920986
0.215684
0.408009
0.573634
0.704008
0.797553
0.858916
0.922825
0.974715
0.999398
0.98589
-0.888004
-0.777139
-0.643793
-0.504976
-0.377553
-0.476855
-0.596614
-0.72385
-0.841487
-0.933089
0.965419
0.998148
0.991589
0.955371
0.903862
0.851475
0.768561
0.649175
0.493262
0.307873
-0.207305
-0.0059401
0.183674
0.347415
0.476804
0.570354
0.681008
0.795134
0.89565
0.966896
-0.988183
-0.9988
-0.97142
-0.917223
-0.851506
-0.903887
-0.955389
-0.991596
-0.998144
-0.965404
0.840044
0.713503
0.567793
0.42026
0.287418
0.180612
0.0393964
-0.130312
-0.315845
-0.500544
0.740523
0.860743
0.941614
0.985019
0.999516
0.996896
0.975677
0.92449
0.835495
0.70764
-0.4587
-0.270249
-0.0828932
0.0869919
0.227299
0.332756
0.463044
0.606393
0.746097
0.864955
-0.976738
-0.999912
-0.984301
-0.940221
-0.882464
-0.928739
-0.971906
-0.997722
-0.992426
-0.947319
0.908894
0.806226
0.6795
0.545504
0.421219
0.51817
0.634153
0.755883
0.866259
0.949156
-0.999944
-0.981577
-0.92758
-0.850951
-0.767922
-0.833555
-0.903434
-0.962969
-0.996613
-0.992743
0.974864
0.909977
0.814906
0.705037
0.597415
0.681782
0.778578
0.873569
0.949973
0.993422
-0.981076
-0.92194
-0.83183
-0.725876
-0.621069
-0.531342
-0.405917
-0.245361
-0.0571976
0.145136
-0.439707
-0.611656
-0.750498
-0.851535
-0.917245
-0.955405
-0.987612
-0.999922
-0.979428
-0.918681
0.754641
0.606958
0.445349
0.287364
0.148718
0.0393405
-0.10267
-0.269565
-0.447175
-0.618226
0.828322
0.924219
0.979838
0.999518
0.99383
0.975664
0.934741
0.861105
0.749148
0.600316
-0.328083
-0.131016
0.0592345
0.227354
0.363071
0.463094
0.58403
0.713005
0.832961
0.927369
-0.997274
-0.991688
-0.949334
-0.882438
-0.806861
-0.866796
-0.928719
-0.97808
-0.999818
-0.98316
0.958838
0.881959
0.776655
0.658819
0.545551
0.450321
0.319236
0.154215
-0.0358225
-0.236449
0.336169
0.519039
0.671617
0.787338
0.866766
0.916244
0.963773
0.995014
0.995884
0.957196
-0.921924
-0.824964
-0.702907
-0.572364
-0.450374
-0.5456
-0.658863
-0.776692
-0.881986
-0.958855
0.999763
0.974873
0.914992
0.833492
0.746772
0.669306
0.557252
0.408657
0.228288
0.0274363
0.278452
0.466263
0.625463
0.748512
0.834936
0.769524
0.67125
0.536094
0.366403
0.17141
-0.0680714
0.134348
0.319705
0.47548
0.595358
0.679904
0.776967
0.872318
0.94917
0.993125
-0.999913
-0.982063
-0.928535
-0.852294
-0.769562
-0.834969
-0.904531
-0.963657
-0.99682
-0.992431
0.907822
0.804706
0.677617
0.543354
0.418893
0.515976
0.632168
0.754203
0.864976
0.948346
-0.976185
-0.999875
-0.98475
-0.941091
-0.883667
-0.826982
-0.738954
-0.614243
-0.453566
-0.264691
0.163016
-0.039123
-0.227779
-0.389314
-0.515926
-0.418839
-0.285919
-0.119588
0.0707294
0.270265
-0.550773
-0.707652
-0.828729
-0.911503
-0.960592
-0.985287
-0.999563
-0.99014
-0.945651
-0.860735
0.664698
0.500529
0.327396
0.162729
0.0212532
-0.0885506
-0.228823
-0.390301
-0.557708
-0.713514
0.89307
0.965408
0.997327
0.995303
0.971537
0.939687
0.881727
0.789148
0.65845
0.493299
-0.204797
-0.00337658
0.186194
0.349818
0.479056
0.379871
0.244938
0.0772879
-0.113056
-0.310936
0.408048
0.583632
0.726941
0.83269
0.902762
0.9445
0.981524
0.999748
0.985883
0.931926
-0.88918
-0.77875
-0.645752
-0.507187
-0.379926
-0.479107
-0.598669
-0.725616
-0.842869
-0.934008
0.998449
0.989189
0.943473
0.873753
0.796004
0.8576
0.921834
0.974139
0.999306
0.986316
-0.963835
-0.89037
-0.787963
-0.672368
-0.560675
-0.648127
-0.749512
-0.850752
-0.934936
-0.987253
0.988803
0.938456
0.855994
0.756131
0.655752
0.568973
0.446684
0.288792
0.102124
-0.100408
0.398792
0.575389
0.719958
0.827046
0.898366
0.941129
0.979539
0.99947
0.987526
0.935546
-0.783439
-0.642151
-0.48524
-0.33023
-0.193124
-0.0843235
0.0577457
0.225901
0.406419
0.582183
-0.802237
-0.906075
-0.969841
-0.997103
-0.997818
-0.999039
-0.982742
-0.937249
-0.85419
-0.731904
0.657107
0.491747
0.317823
0.152741
0.0111398
0.120766
0.260233
0.419917
0.5843
0.735833
-0.907174
-0.973347
-0.99917
-0.991645
-0.963355
-0.986965
-0.999811
-0.988673
-0.942314
-0.855542
0.79709
0.659069
0.504599
0.351176
0.214935
0.320774
0.45177
0.596264
0.737595
0.858523
-0.973941
-0.999664
-0.986459
-0.944463
-0.888357
-0.832626
-0.745731
-0.622193
-0.462558
-0.274431
-0.0316186
-0.23236
-0.412473
-0.560722
-0.672409
-0.587153
-0.466505
-0.31005
-0.12426
0.0782176
-0.181424
-0.37585
-0.544654
-0.678756
-0.775981
-0.702104
-0.5941
-0.449366
-0.271925
-0.0724493
-0.234894
-0.425929
-0.589671
-0.717873
-0.809291
-0.739968
-0.63717
-0.497514
-0.324107
-0.126845
0.0230489
-0.178861
-0.362074
-0.514635
-0.630955
-0.712255
-0.804544
-0.893463
-0.962388
-0.997391
0.999492
0.97257
0.910864
0.827861
0.740007
0.809325
0.884399
0.950641
0.992218
0.996956
-0.925795
-0.830639
-0.710065
-0.580628
-0.459381
-0.359169
-0.223277
-0.0550571
0.135163
0.332033
-0.603657
-0.751913
-0.863224
-0.936219
-0.976573
-0.947073
-0.892019
-0.802636
-0.675054
-0.512555
0.420523
0.229089
0.0404678
-0.129249
-0.268478
-0.372531
-0.500292
-0.639638
-0.773718
-0.8855
0.929002
0.984515
0.999896
0.98302
0.947092
0.976586
0.997217
0.995446
0.959343
0.882798
-0.697686
-0.539028
-0.369638
-0.207021
-0.0662792
0.0435798
0.184728
0.348421
0.519742
0.68122
-0.871891
-0.952679
-0.993022
-0.998654
-0.981224
-0.954144
-0.902088
-0.816021
-0.691693
-0.531992
0.248692
0.0484307
-0.141735
-0.307252
-0.439018
-0.534932
-0.649273
-0.768644
-0.875941
-0.955178
0.999959
0.977619
0.920034
0.84043
0.755144
0.822502
0.894806
0.957466
0.994798
0.994921
-0.979067
-0.917976
-0.826174
-0.718882
-0.61311
-0.696072
-0.790799
-0.882995
-0.955946
-0.995486
0.977067
0.914125
0.820726
0.712174
0.605496
0.514537
0.38782
0.226201
0.0375035
-0.164615
0.457329
0.627135
0.763382
0.861706
0.92492
0.961041
0.990514
0.99948
0.97526
0.910715
-0.741558
-0.591172
-0.42761
-0.268425
-0.129193
-0.237195
-0.372479
-0.524195
-0.676082
-0.81068
0.867149
0.949716
0.991844
0.999106
0.98303
0.997221
0.997714
0.971876
0.909636
0.807279
-0.589068
-0.414165
-0.234168
-0.0662234
0.0758567
-0.0339853
-0.175283
-0.339405
-0.511515
-0.67416
0.747283
0.865848
0.944971
0.986712
0.99978
0.991442
0.962934
0.903379
0.805739
0.669876
-0.411792
-0.219732
-0.0308721
0.138764
0.277715
0.381424
0.508583
0.646989
0.779766
0.889921
-0.986582
-0.999244
-0.973771
-0.921205
-0.856766
-0.908168
-0.958327
-0.992854
-0.997477
-0.962717
0.929382
0.835947
0.716793
0.588419
0.467889
0.562017
0.673566
0.78896
0.891106
0.964265
-0.99914
-0.970292
-0.90686
-0.822437
-0.733515
-0.803648
-0.879877
-0.947618
-0.990977
-0.997659
0.985146
0.930341
0.843989
0.741019
0.638375
0.550083
0.426177
0.266897
0.0794252
-0.123058
0.22555
0.417223
0.58189
0.711156
0.803614
0.864052
0.926674
0.976925
0.999698
0.984146
-0.960379
-0.884526
-0.780093
-0.662929
-0.550132
-0.455204
-0.324421
-0.159624
0.0303491
0.231125
-0.331007
-0.51435
-0.66755
-0.78395
-0.864022
-0.914037
-0.962298
-0.994453
-0.996365
-0.958767
0.924032
0.828047
0.706791
0.576846
0.455256
0.550182
0.662973
0.78013
0.884554
0.960395
-0.999629
-0.973639
-0.912769
-0.830453
-0.743119
-0.812041
-0.886554
-0.95207
-0.992785
-0.996584
0.982601
0.925025
0.836266
0.731383
0.62735
0.538136
0.413252
0.253147
0.0652224
-0.137177
0.2394
0.430121
0.593411
0.721094
0.812007
0.871132
0.931932
0.979867
0.999947
0.981521
-0.956313
-0.877794
-0.771105
-0.652201
-0.538185
-0.442479
-0.310919
-0.14555
0.0445792
0.244955
-0.34441
-0.52651
-0.678084
-0.792711
-0.871104
-0.91972
-0.966074
-0.99585
-0.995051
-0.954623
0.918494
0.819979
0.696646
0.565155
0.442532
0.341487
0.204837
0.0361985
-0.153843
-0.34978
0.445268
0.61655
0.754581
0.854769
0.919697
0.871075
0.792675
0.678041
0.52646
0.344355
-0.0419172
0.160256
0.344413
0.498358
0.616197
0.698877
0.793189
0.884825
0.957088
0.99585
-0.976226
-0.912531
-0.818483
-0.709421
-0.602376
-0.511176
-0.384209
-0.222386
-0.0335915
0.168474
-0.460807
-0.630179
-0.765904
-0.863686
-0.926401
-0.962116
-0.991044
-0.999346
-0.974387
-0.909091
0.738927
0.58801
0.424069
0.264652
0.125311
0.015719
-0.126145
-0.292244
-0.468185
-0.636626
0.841329
0.932984
0.984285
0.999972
0.990932
0.970211
0.926084
0.848851
0.733287
0.58125
-0.305671
-0.107554
0.0828053
0.2503
0.384986
0.483907
0.603047
0.729373
0.845803
0.93595
-0.998739
-0.988371
-0.941643
-0.871076
-0.792677
-0.721015
-0.615535
-0.473248
-0.297727
-0.0992675
-0.208646
-0.401423
-0.56772
-0.698875
-0.793188
-0.855205
-0.920027
-0.97308
-0.999123
-0.98707
0.891293
0.781652
0.649287
0.511179
0.384212
0.280613
0.141752
-0.0278557
-0.216787
-0.40904
0.667632
0.803948
0.902081
0.962115
0.991044
0.999712
0.993024
0.958735
0.887484
0.776428
-0.547485
-0.367646
-0.184745
-0.0157218
0.126142
0.234205
0.369622
0.521572
0.673812
0.808874
-0.949569
-0.993273
-0.997218
-0.970211
-0.926085
-0.879104
-0.802681
-0.690143
-0.540494
-0.359885
0.0584889
-0.143856
-0.328789
-0.483904
-0.603045
-0.686914
-0.782976
-0.876973
-0.952148
-0.994203
0.979688
0.919191
0.827903
0.721017
0.615537
0.698278
0.792679
0.884434
0.956845
0.995773
-0.999926
-0.976967
-0.918824
-0.838759
-0.753124
-0.676409
-0.565199
-0.417402
-0.237626
-0.0370331
-0.0670449
-0.266707
-0.44452
-0.589733
-0.698236
-0.772553
-0.854742
-0.930268
-0.982938
-0.99984
0.992564
0.947681
0.870012
0.774002
0.676452
0.591577
0.471342
0.315251
0.129692
-0.0727569
0.176036
0.37077
0.540054
0.674724
0.772515
0.837512
0.906499
0.964885
0.997179
0.991851
-0.973234
-0.906967
-0.81071
-0.699912
-0.591624
-0.499612
-0.371802
-0.2093
-0.0201943
0.18167
-0.282904
-0.470361
-0.629076
-0.75158
-0.83748
-0.772478
-0.674681
-0.540004
-0.370715
-0.175978
-0.132334
-0.329338
-0.502308
-0.641426
-0.74368
-0.81253
-0.886942
-0.952326
-0.992885
-0.996514
0.923711
0.827577
0.706198
0.576161
0.45451
0.354052
0.217936
0.0495882
-0.140587
-0.337193
0.608014
0.755512
0.865976
0.93813
0.977737
0.948817
0.89448
0.80589
0.679084
0.51725
-0.425485
-0.234417
-0.045939
0.123817
0.263199
0.367443
0.495543
0.635418
0.770237
0.882942
-0.926961
-0.98354
-0.99996
-0.98401
-0.948836
-0.908469
-0.840066
-0.736116
-0.594506
-0.420296
0.323698
0.126416
-0.063864
-0.231868
-0.367388
-0.263142
-0.123758
0.0459977
0.234474
0.425538
-0.681038
-0.814611
-0.909767
-0.966906
-0.993305
-0.999983
-0.99072
-0.953416
-0.878972
-0.764859
0.532203
0.350703
0.166874
-0.00243219
-0.14413
-0.251815
-0.386429
-0.536975
-0.687115
-0.819415
0.955104
0.995211
0.995701
0.965654
0.919083
0.956765
0.988329
0.999853
0.978482
0.916839
-0.87037
-0.753306
-0.61502
-0.472672
-0.34301
-0.237895
-0.0978392
0.072032
0.259744
0.448992
-0.539442
-0.698038
-0.821089
-0.905861
-0.956748
-0.982887
-0.999073
-0.991943
-0.94996
-0.867537
0.811136
0.676656
0.524858
0.373202
0.237952
0.343065
0.472724
0.615066
0.753344
0.870399
-0.979028
-0.999997
-0.982309
-0.936434
-0.87726
-0.819307
-0.72978
-0.603521
-0.441479
-0.251633
-0.0552268
-0.255277
-0.433883
-0.58013
-0.689711
-0.764981
-0.848536
-0.925859
-0.980691
-0.999982
0.950588
0.868538
0.758874
0.637687
0.522082
0.612494
0.71834
0.825735
0.917666
0.978908
-0.994842
-0.994877
-0.95769
-0.895154
-0.822945
-0.755655
-0.655203
-0.517872
-0.34637
-0.150248
0.0466651
-0.155563
-0.339947
-0.494232
-0.612447
-0.69547
-0.790286
-0.882601
-0.9557
-0.995406
0.999966
0.977795
0.920362
0.840884
0.755693
0.679287
0.568424
0.420956
0.241427
0.0409445
0.0631387
0.262932
0.44101
0.586567
0.695428
0.770061
0.852703
0.928825
0.982211
0.999902
-0.993033
-0.948923
-0.871935
-0.776474
-0.67933
-0.594729
-0.474791
-0.318964
-0.133572
0.0688522
-0.172181
-0.367131
-0.536755
-0.67183
-0.770024
-0.835367
-0.904839
-0.96385
-0.996878
-0.992342
0.974126
0.908609
0.812996
0.702702
0.594776
0.502999
0.375433
0.213126
0.0241078
-0.177819
0.279147
0.466903
0.626028
0.748992
0.835334
0.8906
0.946064
0.987252
0.999525
0.972816
-0.943474
-0.85734
-0.744253
-0.620457
-0.50305
-0.594823
-0.702744
-0.81303
-0.908634
-0.974139
0.996664
0.959778
0.889179
0.798896
0.70559
0.623596
0.50651
0.353249
0.169556
-0.0324949
0.335487
0.51842
0.671081
0.786892
0.866405
0.915954
0.96358
0.994942
0.995949
0.957406
-0.823899
-0.692809
-0.543595
-0.393673
-0.259421
-0.15191
-0.010299
0.159112
0.343325
0.525527
-0.759768
-0.875193
-0.951014
-0.98962
-0.999998
-0.994183
-0.968883
-0.913004
-0.819149
-0.686777
0.432644
0.242114
0.0538549
-0.115948
-0.255545
-0.36006
-0.488643
-0.629278
-0.765159
-0.879194
0.982565
0.999874
0.978747
0.929911
0.868401
0.917556
0.964645
0.995336
0.995581
0.95624
-0.920646
-0.823102
-0.700565
-0.569665
-0.447436
-0.346629
-0.210194
-0.0416707
0.14843
0.344644
-0.440357
-0.612229
-0.750976
-0.851914
-0.917533
-0.955619
-0.987726
-0.999912
-0.979282
-0.918395
0.872291
0.755874
0.618102
0.476118
0.346684
0.241695
0.101734
-0.0681271
-0.255962
-0.445491
0.536141
0.695229
0.818849
0.904196
0.955601
0.91751
0.851883
0.750938
0.612182
0.440305
-0.145794
0.0565336
0.244716
0.405309
0.530778
0.620547
0.725418
0.831461
0.921683
0.980947
-0.993498
-0.950181
-0.873892
-0.778996
-0.682268
-0.597949
-0.478317
-0.322763
-0.137547
0.0648499
-0.365823
-0.545845
-0.694741
-0.806466
-0.882124
-0.928471
-0.971736
-0.997673
-0.992515
-0.947551
0.805111
0.669089
0.516124
0.363693
0.228004
0.119817
-0.0220938
-0.191005
-0.373565
-0.552807
0.780428
0.890403
0.960528
0.993755
0.999538
0.990173
0.960358
0.899312
0.800141
0.662874
-0.403216
-0.210562
-0.0214845
0.148058
0.286724
0.1799
0.0386731
-0.13103
-0.316532
-0.50117
0.588407
0.739257
0.853481
0.929377
0.97231
0.992078
0.999868
0.982689
0.929772
0.836527
-0.77504
-0.631819
-0.473478
-0.31755
-0.179957
-0.0709619
0.0711199
0.238936
0.418628
0.593027
-0.673512
-0.808636
-0.905473
-0.964246
-0.992071
-0.972297
-0.929355
-0.853451
-0.739218
-0.588359
0.314003
0.116263
-0.0740685
-0.241806
-0.376883
-0.476219
-0.596033
-0.72335
-0.841095
-0.932828
0.998261
0.989666
0.944557
0.875347
0.797989
0.72706
0.622418
0.48095
0.306082
0.107984
0.200068
0.393381
0.560484
0.69258
0.78782
0.7155
0.609269
0.466251
0.290151
0.0913778
0.0126309
0.213847
0.395098
0.544895
0.658231
0.736842
0.825219
0.908917
0.971468
0.999331
-0.997719
-0.963653
-0.895561
-0.807322
-0.715542
-0.63459
-0.518654
-0.366445
-0.183477
0.0183562
-0.122188
-0.319663
-0.493437
-0.633545
-0.736802
-0.658186
-0.544846
-0.395044
-0.213789
-0.0125722
-0.2927
-0.479363
-0.636994
-0.758288
-0.843026
-0.896943
-0.950552
-0.989405
-0.998989
-0.969444
0.848598
0.724598
0.580862
0.434693
0.302672
0.196291
0.055344
-0.114467
-0.300657
-0.486659
0.7297
0.852507
0.936118
0.98214
0.998892
0.998026
0.979052
0.930458
0.844161
0.718831
-0.472827
-0.285585
-0.0987927
0.0710763
0.211723
0.317659
0.448835
0.593621
0.735371
0.856832
-0.97319
-0.999574
-0.986993
-0.945538
-0.889862
-0.834442
-0.747917
-0.624763
-0.46547
-0.277591
-0.0283327
-0.229161
-0.409476
-0.557997
-0.669972
-0.584489
-0.463595
-0.306922
-0.120997
0.0814945
-0.184656
-0.378894
-0.547409
-0.681167
-0.77805
-0.842269
-0.910164
-0.96715
-0.997799
-0.990696
0.971183
0.903241
0.805548
0.693626
0.584536
0.492001
0.363652
0.200722
0.0114316
-0.19028
0.291299
0.478077
0.635864
0.757332
0.842237
0.778014
0.681124
0.547359
0.37884
0.184598
0.123642
0.321051
0.494711
0.634678
0.737792
0.80739
0.88286
0.949616
0.991803
0.997207
-0.927033
-0.832465
-0.712376
-0.583302
-0.462299
-0.362235
-0.226481
-0.0583393
0.131905
0.32893
-0.601032
-0.749742
-0.86156
-0.935059
-0.975861
-0.946013
-0.890528
-0.800671
-0.672625
-0.50973
0.417538
0.225888
0.0371828
-0.132508
-0.271644
-0.37558
-0.503136
-0.642161
-0.775797
-0.887023
0.930213
0.985086
0.999843
0.982412
0.946032
0.904771
0.83528
0.730156
0.587437
0.412328
-0.315394
-0.117718
0.0726074
0.240384
0.375525
0.47493
0.594856
0.722338
0.840302
0.9323
-0.964846
-0.998012
-0.99187
-0.956016
-0.904797
-0.852621
-0.76996
-0.650838
-0.495165
-0.309955
0.209446
0.00812897
-0.181522
-0.345362
-0.474879
-0.568554
-0.679403
-0.793805
-0.894675
-0.966335
0.987845
0.998905
0.971937
0.918092
0.852651
0.904822
0.956033
0.991877
0.998009
0.96483
-0.838855
-0.711967
-0.565989
-0.418272
-0.28532
-0.178458
-0.0372091
0.132482
0.317921
0.502437
-0.741992
-0.861856
-0.942348
-0.985394
-0.999582
-0.996722
-0.975194
-0.923653
-0.83429
-0.706092
0.456753
0.268141
0.0807116
-0.0891723
-0.229431
-0.33482
-0.464983
-0.608133
-0.747552
-0.866051
0.977205
0.999939
0.983912
0.939473
0.881433
0.824301
0.735744
0.610486
0.449326
0.260105
0.0464744
0.246794
0.42597
0.572969
0.683339
0.759307
0.843866
0.922512
0.97894
0.999996
-0.953272
-0.872848
-0.764552
-0.644413
-0.529536
-0.619398
-0.724409
-0.830646
-0.921113
-0.980661
0.995693
0.993953
0.955131
0.891213
0.817934
0.749886
0.648558
0.510355
0.338135
0.141578
-0.0379091
0.164214
0.348176
0.501832
0.619352
0.701741
0.795626
0.886687
0.958243
0.996207
-0.999855
-0.975921
-0.916899
-0.836108
-0.749925
-0.817968
-0.89124
-0.955149
-0.993959
-0.995687
0.920073
0.822269
0.699518
0.56846
0.446125
0.345254
0.208761
0.0402069
-0.149879
-0.346019
0.615442
0.761631
0.870634
0.94134
0.979664
0.995762
0.998745
0.975854
0.916777
0.817499
-0.603141
-0.430054
-0.251171
-0.0837015
0.0583689
0.16753
0.305559
0.462325
0.621988
0.767004
-0.926039
-0.983095
-0.999979
-0.984444
-0.949606
-0.90949
-0.841392
-0.737772
-0.596474
-0.422518
0.126261
-0.0762063
-0.263784
-0.423254
-0.547384
-0.635887
-0.738848
-0.842253
-0.929152
-0.984586
0.99106
0.943851
0.864139
0.766482
0.667722
0.745354
0.832313
0.91413
0.974396
0.999715
-0.996782
-0.960188
-0.889848
-0.799776
-0.706628
-0.624741
-0.507773
-0.35462
-0.171
0.0310306
-0.134761
-0.33165
-0.504424
-0.643304
-0.745315
-0.813955
-0.88807
-0.95307
-0.993173
-0.996307
0.981985
0.923771
0.834459
0.729137
0.624786
0.706669
0.799811
0.889875
0.960205
0.996787
-0.973794
-0.907996
-0.812142
-0.701659
-0.593597
-0.501732
-0.374074
-0.211694
-0.0226432
0.17926
-0.470499
-0.638645
-0.7729
-0.869154
-0.930469
-0.965044
-0.992447
-0.998891
-0.971865
-0.904474
0.731503
0.579116
0.414124
0.254074
0.114437
0.222726
0.358641
0.511476
0.665053
0.801886
-0.859649
-0.944956
-0.98984
-0.999624
-0.985649
-0.961182
-0.912377
-0.829919
-0.709156
-0.55255
0.462917
0.274821
0.0876283
-0.0822565
-0.222669
-0.328271
-0.458827
-0.602608
-0.742924
-0.86256
0.91048
0.975134
0.999462
0.990592
0.961198
0.985659
0.999626
0.989831
0.944937
0.859619
-0.663061
-0.498633
-0.325327
-0.160569
-0.0190647
0.0907307
0.230953
0.392316
0.559524
0.715046
-0.894053
-0.965976
-0.997485
-0.995089
-0.971016
-0.938936
-0.880693
-0.787802
-0.656801
-0.491394
0.202654
0.00118765
-0.188344
-0.351868
-0.480976
-0.381895
-0.247059
-0.0794701
0.110881
0.308855
-0.406048
-0.581853
-0.725436
-0.831476
-0.901819
-0.943779
-0.981103
-0.999697
-0.986247
-0.932717
0.89018
0.780121
0.647422
0.509072
0.381949
0.278261
0.139327
-0.0303041
-0.219178
-0.411274
0.503797
0.667516
0.796528
0.887376
0.94376
0.974334
0.996402
0.996369
0.96218
0.887556
-0.834859
-0.706823
-0.559957
-0.411632
-0.278318
-0.171272
-0.0299144
0.139713
0.324833
0.508735
-0.59547
-0.745131
-0.858016
-0.932576
-0.974321
-0.993141
-0.999687
-0.981028
-0.92651
-0.831693
0.769472
0.625002
0.465741
0.309228
0.17133
0.278374
0.411685
0.560006
0.706865
0.834891
-0.962902
-0.997526
-0.992772
-0.958131
-0.907881
-0.856412
-0.774597
-0.656362
-0.501493
-0.316886
0.0128218
-0.188915
-0.37159
-0.523378
-0.638858
-0.719397
-0.810576
-0.89801
-0.965117
-0.998077
0.969505
0.900241
0.801416
0.688609
0.57889
0.485946
0.357177
0.193917
0.00449043
-0.19709
0.486441
0.652509
0.784292
0.877989
0.936967
0.969643
0.994511
0.997871
0.967429
0.896582
-0.719004
-0.564221
-0.397532
-0.236474
-0.0963839
0.0133873
0.154962
0.319953
0.493703
0.6588
-0.856704
-0.943064
-0.989008
-0.999765
-0.986601
-0.962749
-0.91471
-0.833106
-0.713189
-0.557322
0.277831
0.0785745
-0.111774
-0.278371
-0.411683
-0.509171
-0.626007
-0.748975
-0.860971
-0.945802
0.999777
0.983527
0.931448
0.856413
0.774599
0.700543
0.592338
0.447409
0.269817
0.0702659
0.237021
0.427909
0.591438
0.719395
0.810575
0.869927
0.931041
0.979375
0.999918
0.981987
-0.877719
-0.763168
-0.626877
-0.485949
-0.35718
-0.25256
-0.112883
0.0569359
0.245107
0.435424
-0.689017
-0.820915
-0.914259
-0.969643
-0.99451
-0.999987
-0.989172
-0.950055
-0.873696
-0.757758
0.522899
0.340425
0.156065
-0.0133845
-0.15496
-0.2624
-0.396508
-0.546182
-0.695031
-0.825644
0.958292
0.996222
0.994627
0.96275
0.914711
0.86486
0.784984
0.66879
0.515779
0.332579
-0.0294106
0.172596
0.356134
0.509168
0.626005
0.707773
0.800748
0.890587
0.96064
0.996911
-0.973438
-0.907341
-0.81123
-0.700545
-0.59234
-0.500381
-0.372626
-0.210168
-0.0210816
0.180797
-0.471877
-0.639846
-0.77389
-0.869926
-0.93104
-0.965453
-0.992638
-0.998816
-0.971496
-0.903807
0.730437
0.577842
0.412702
0.252563
0.112885
0.00320499
-0.138549
-0.304189
-0.479206
-0.646227
0.848027
0.937415
0.986418
0.999987
0.989172
0.999302
0.99451
0.962446
0.893558
0.784773
-0.716096
-0.560769
-0.393698
-0.232415
-0.0922275
0.0175618
0.159086
0.323906
0.497329
0.661935
-0.736265
-0.857512
-0.939469
-0.98391
-0.9993
-0.997373
-0.977041
-0.926879
-0.838948
-0.712088
0.635249
0.466607
0.290537
0.124375
-0.017503
-0.127081
-0.266372
-0.425684
-0.589452
-0.740128
0.80602
0.908749
0.971372
0.997567
0.997378
0.983419
0.947792
0.880135
0.774222
0.630816
-0.546742
-0.36682
-0.183873
-0.0148344
0.127023
0.235068
0.370447
0.522329
0.674468
0.809396
-0.866056
-0.949029
-0.991563
-0.999196
-0.98343
-0.997382
-0.997563
-0.971358
-0.908724
-0.805985
0.587298
0.412172
0.232039
0.0640391
-0.0780392
-0.186934
-0.324272
-0.479717
-0.637304
-0.779505
0.933301
0.986513
0.999656
0.980788
0.943242
0.901117
0.830574
0.72432
0.580534
0.404567
-0.106679
0.0958494
0.28275
0.441034
0.563777
0.46977
0.339917
0.17582
-0.0139242
-0.21511
0.31546
0.500192
0.655228
0.773645
0.855635
0.907249
0.9577
0.992591
0.99763
0.963306
-0.930188
-0.837146
-0.718318
-0.590187
-0.469822
-0.370147
-0.234755
-0.0668259
0.123472
0.320888
-0.417601
-0.592117
-0.734104
-0.838452
-0.907225
-0.855604
-0.773608
-0.655183
-0.500141
-0.315404
0.01126
-0.190449
-0.373039
-0.524709
-0.640059
-0.720481
-0.81149
-0.898696
-0.965525
-0.998173
0.969121
0.89956
0.800481
0.687475
0.577616
0.484581
0.355718
0.192385
0.00292854
-0.198621
0.487805
0.653692
0.78526
0.878735
0.937511
0.893683
0.821071
0.712598
0.56673
0.389097
-0.291232
-0.0925028
0.097871
0.264917
0.398903
0.49709
0.615045
0.739639
0.853777
0.94117
-0.971199
-0.999289
-0.988325
-0.948272
-0.893709
-0.839098
-0.753534
-0.63138
-0.472979
-0.28575
0.184587
-0.0172266
-0.206396
-0.369045
-0.497039
-0.398849
-0.264861
-0.0978125
0.0925613
0.291289
-0.568923
-0.722959
-0.840789
-0.920293
-0.96645
-0.988794
-0.999971
-0.986834
-0.938302
-0.849378
0.648174
0.481447
0.306621
0.141079
-0.000650704
-0.110347
-0.250091
-0.410374
-0.575755
-0.72869
0.902711
0.970888
0.998688
0.992944
0.966115
0.988599
0.99996
0.987044
0.938751
0.850064
-0.790712
-0.651144
-0.495515
-0.341336
-0.204679
-0.0960661
0.0459709
0.2144
0.395618
0.572556
-0.654678
-0.793559
-0.894495
-0.957264
-0.98859
-0.999148
-0.994912
-0.963501
-0.895309
-0.787193
0.718823
0.564005
0.397293
0.236221
0.0961246
-0.0136478
-0.15522
-0.3202
-0.49393
-0.658996
0.73361
0.855492
0.93812
0.983203
0.999146
0.997649
0.977868
0.928341
0.841072
0.714831
-0.638267
-0.470066
-0.29428
-0.128258
0.0135891
0.123197
0.262597
0.422138
0.586286
0.73749
-0.803697
-0.907108
-0.970435
-0.997287
-0.997653
-0.984121
-0.949033
-0.881987
-0.776693
-0.633849
0.550015
0.370459
0.187719
0.0187483
-0.123139
-0.231261
-0.366808
-0.518987
-0.671572
-0.807091
0.864093
0.947787
0.991048
0.999346
0.984132
0.958727
0.908754
0.824998
0.70295
0.545224
-0.455131
-0.266385
-0.078895
0.0909873
0.231204
0.123081
-0.0188071
-0.187777
-0.370513
-0.550064
0.778369
0.888902
0.959608
0.993383
0.999633
0.990627
0.961269
0.900745
0.802109
0.665332
-0.406223
-0.213774
-0.0247711
0.144806
0.283573
0.387059
0.513828
0.65163
0.783572
0.892688
-0.98756
-0.998989
-0.972364
-0.918813
-0.853602
-0.791305
-0.696665
-0.565177
-0.398595
-0.205628
-0.102337
-0.300671
-0.475964
-0.617964
-0.72315
-0.794554
-0.872588
-0.942678
-0.988836
-0.998579
0.934859
0.844153
0.727259
0.600583
0.481204
0.382136
0.247312
0.0797298
-0.110622
-0.308607
0.583759
0.735382
0.850478
0.927244
0.970954
0.938846
0.880569
0.787641
0.656605
0.491167
-0.39796
-0.20495
-0.0157487
0.153729
0.292216
0.395364
0.521549
0.658449
0.789147
0.896719
-0.937869
-0.988549
-0.999232
-0.978182
-0.938866
-0.895432
-0.823299
-0.715339
-0.569951
-0.3927
0.294975
0.0963998
-0.0939745
-0.261141
-0.39531
-0.493689
-0.611954
-0.736999
-0.851732
-0.93984
0.970259
0.999134
0.988913
0.949507
0.895458
0.841221
0.756102
0.634411
0.476424
0.289499
-0.188433
0.0133126
0.202565
0.365404
0.493638
0.586062
0.694979
0.806662
0.904047
0.971629
-0.99095
-0.997672
-0.96667
-0.909383
-0.841253
-0.895484
-0.949526
-0.988922
-0.999132
-0.970245
0.850333
0.726859
0.583535
0.437651
0.305804
0.199513
0.0586261
-0.1112
-0.29752
-0.483784
0.727448
0.850784
0.934957
0.981516
0.998732
0.998227
0.979716
0.931658
0.845919
0.721112
-0.475722
-0.288734
-0.102063
0.0677968
0.208509
0.31454
0.445895
0.590973
0.73314
0.855133
-0.972429
-0.999472
-0.987516
-0.946603
-0.891357
-0.83625
-0.750095
-0.627327
-0.468377
-0.280748
-0.0250464
-0.22596
-0.406474
-0.555266
-0.667528
-0.74518
-0.832169
-0.914025
-0.974338
-0.999708
0.959531
0.88311
0.778196
0.66066
0.547602
0.452507
0.321556
0.156635
-0.0333745
-0.234069
0.519172
0.680732
0.807219
0.895483
0.949525
0.978206
0.997759
0.994686
0.957151
0.879171
-0.692174
-0.532556
-0.362505
-0.199516
-0.0586289
0.0512365
0.192256
0.355595
0.526275
0.686812
-0.875619
-0.954981
-0.993897
-0.998227
-0.979717
-0.951821
-0.898754
-0.811567
-0.686137
-0.525486
0.24126
0.0407731
-0.149318
-0.314537
-0.445892
-0.541392
-0.655084
-0.773525
-0.879613
-0.957419
0.99986
0.975978
0.917003
0.836251
0.750097
0.673022
0.561408
0.413227
0.233166
0.032447
0.273634
0.461823
0.621544
0.745178
0.832167
0.766313
0.667526
0.531856
0.361734
0.166469
-0.0630692
0.139314
0.324451
0.479884
0.599378
0.683572
0.780113
0.874758
0.950736
0.993699
-0.999967
-0.981106
-0.926662
-0.849661
-0.766351
-0.691252
-0.581864
-0.435801
-0.257336
-0.0573536
-0.0467346
-0.247047
-0.426206
-0.573183
-0.683529
-0.599331
-0.479832
-0.324396
-0.139256
0.0631279
-0.364217
-0.544398
-0.693499
-0.805444
-0.88131
-0.927828
-0.971327
-0.997554
-0.992724
-0.948101
0.806133
0.670371
0.517601
0.3653
0.229684
0.12153
-0.0203687
-0.189311
-0.371964
-0.551368
0.779348
0.889617
0.960046
0.993561
0.999589
0.990412
0.960838
0.900065
0.801175
0.664165
-0.404795
-0.212248
-0.0232096
0.146351
0.285071
0.388499
0.515168
0.652814
0.784542
0.893391
-0.987804
-0.998917
-0.971999
-0.918196
-0.852787
-0.790349
-0.695544
-0.563888
-0.397162
-0.204099
-0.103891
-0.302161
-0.477337
-0.619191
-0.724228
-0.795502
-0.873349
-0.943198
-0.989067
-0.998495
0.934304
0.843315
0.726186
0.599333
0.479835
0.380692
0.245798
0.0781727
-0.112174
-0.310092
0.585026
0.736439
0.851298
0.927827
0.971326
0.991545
0.999927
0.983454
0.931301
0.838808
-0.633035
-0.464073
-0.287796
-0.121533
0.0203658
-0.0894346
-0.229687
-0.391118
-0.558444
-0.714136
0.783032
0.892296
0.961681
0.994213
0.999403
0.98958
0.959186
0.897478
0.79763
0.659742
-0.578052
-0.40178
-0.220958
-0.0526817
0.0893761
0.198098
0.335013
0.489668
0.64603
0.786581
-0.846506
-0.936414
-0.985944
-0.999998
-0.989589
-0.999405
-0.994206
-0.961665
-0.892269
-0.782995
0.556232
0.37738
0.195044
0.0262088
-0.11573
-0.223995
-0.359855
-0.512594
-0.666025
-0.802663
0.946227
0.992003
0.997945
0.972699
0.929992
0.884055
0.808893
0.697696
0.549289
0.369651
-0.0689568
0.133469
0.318864
0.474699
0.594644
0.502858
0.375281
0.212966
0.0239442
-0.17798
0.279305
0.467048
0.626155
0.7491
0.835424
0.890674
0.946117
0.987278
0.99952
0.972778
-0.943419
-0.857255
-0.744144
-0.620329
-0.502908
-0.405055
-0.27139
-0.104555
0.0858106
0.284798
-0.382899
-0.561181
-0.707868
-0.817217
-0.890648
-0.835392
-0.749061
-0.62611
-0.466996
-0.279248
-0.0266078
-0.227481
-0.407901
-0.556564
-0.66869
-0.746221
-0.833034
-0.914657
-0.974688
-0.999745
0.95909
0.882377
0.777214
0.659487
0.546295
0.451113
0.320077
0.155092
-0.0349355
-0.235587
0.520507
0.681876
0.80814
0.896177
0.950013
0.978529
0.997863
0.994524
0.956698
0.878426
-0.691046
-0.531233
-0.361049
-0.197985
-0.0570696
0.0527963
0.193789
0.357055
0.527603
0.687946
-0.876372
-0.955443
-0.994068
-0.998133
-0.979402
-0.951341
-0.898068
-0.810653
-0.685
-0.524156
0.239744
0.0392124
-0.150862
-0.31602
-0.44729
-0.346475
-0.210034
-0.0415072
0.148592
0.344798
-0.440504
-0.612358
-0.751084
-0.852
-0.917598
-0.955667
-0.987751
-0.99991
-0.979249
-0.91833
0.872211
0.755767
0.617973
0.475974
0.346531
0.241536
0.101571
-0.0682904
-0.256121
-0.445638
0.53628
0.695347
0.818942
0.904265
0.95565
0.917575
0.851969
0.751046
0.612312
0.440452
-0.145956
0.0563702
0.244557
0.40516
0.53064
0.620419
0.725306
0.83137
0.921619
0.980915
-0.993516
-0.950232
-0.873972
-0.779098
-0.682388
-0.59808
-0.478461
-0.322918
-0.137709
0.0646866
-0.365671
-0.545708
-0.694624
-0.806369
-0.882047
-0.825037
-0.736624
-0.611516
-0.450488
-0.261361
0.15961
-0.0425712
-0.231138
-0.39249
-0.518879
-0.609525
-0.715725
-0.823613
-0.916169
-0.978135
0.994454
0.995249
0.958763
0.89682
0.82507
0.758106
0.658032
0.521077
0.349886
0.153955
-0.0504115
0.151857
0.336417
0.490968
0.609478
0.69277
0.787982
0.880831
0.954589
0.99504
-0.99999
-0.978574
-0.921822
-0.842908
-0.758145
-0.682035
-0.571506
-0.424355
-0.245065
-0.0446919
-0.0593949
-0.259312
-0.43764
-0.583525
-0.692728
-0.767663
-0.850738
-0.927429
-0.981499
-0.999948
0.993468
0.9501
0.873766
0.778832
0.682078
0.758183
0.842939
0.921845
0.978586
0.99999
-0.953792
-0.873689
-0.765663
-0.645732
-0.530999
-0.434838
-0.302826
-0.137132
0.0530723
0.253191
-0.535922
-0.695042
-0.818699
-0.904084
-0.955525
-0.98211
-0.998884
-0.992463
-0.951256
-0.869606
0.677811
0.515766
0.344061
0.180159
0.0389362
-0.0709159
-0.211566
-0.373953
-0.542937
-0.701008
0.884971
0.960644
0.995879
0.99686
0.975575
0.94559
0.889935
0.79989
0.671661
0.50861
-0.22208
-0.0210663
0.168783
0.333191
0.463452
0.557863
0.669853
0.785869
0.88882
0.962925
-0.999335
-0.971493
-0.908961
-0.825278
-0.736913
-0.806622
-0.882248
-0.949207
-0.991636
-0.997304
0.984272
0.928491
0.84129
0.737644
0.634509
0.54589
0.421637
0.262063
0.0744271
-0.128031
0.230431
0.421773
0.585959
0.714671
0.806587
0.866564
0.928547
0.977983
0.999809
0.983245
-0.958969
-0.882177
-0.776947
-0.659168
-0.545939
-0.634554
-0.737684
-0.841321
-0.928513
-0.984283
0.991289
0.94442
0.865006
0.767589
0.669005
0.583432
0.462441
0.305684
0.119705
-0.0827916
0.382507
0.56083
0.707568
0.816973
0.890455
0.935002
0.975825
0.998738
0.990157
0.941648
-0.79431
-0.655611
-0.500632
-0.346876
-0.210451
-0.101938
0.0400759
0.208633
0.390192
0.567709
-0.79155
-0.898448
-0.965377
-0.995602
-0.99883
-0.987496
-0.955188
-0.891299
-0.789221
-0.649297
0.386688
0.192941
0.00349516
-0.165826
-0.303913
-0.40659
-0.531965
-0.667622
-0.796614
-0.902075
0.990682
0.997806
0.967177
0.910207
0.842325
0.896367
0.950147
0.989215
0.999047
0.969762
-0.93914
-0.850659
-0.735615
-0.610335
-0.49191
-0.393431
-0.259166
-0.0919386
0.0984349
0.296928
-0.39458
-0.57163
-0.716766
-0.824458
-0.896341
-0.939568
-0.978605
-0.99931
-0.988238
-0.937157
0.895812
0.78789
0.656909
0.519804
0.393485
0.491961
0.610382
0.735655
0.85069
0.93916
-0.99916
-0.986926
-0.938497
-0.866507
-0.787018
-0.714591
-0.608237
-0.465099
-0.288906
-0.0900818
-0.217662
-0.409857
-0.575292
-0.705445
-0.798773
-0.859951
-0.923603
-0.975165
-0.999466
-0.985549
0.887071
0.775863
0.642241
0.503227
0.375677
0.475074
0.594987
0.722451
0.840391
0.932359
-0.964889
-0.998023
-0.991849
-0.955968
-0.904727
-0.852535
-0.769856
-0.650714
-0.495023
-0.309799
0.209286
0.00796535
-0.181683
-0.345516
-0.475023
-0.568689
-0.679523
-0.793904
-0.894748
-0.966377
0.98787
0.998897
0.971899
0.918027
0.852566
0.904752
0.955985
0.991856
0.998019
0.964873
-0.838944
-0.712082
-0.566124
-0.418421
-0.285477
-0.178619
-0.0373726
0.13232
0.317766
0.502296
-0.741883
-0.861773
-0.942294
-0.985366
-0.999577
-0.996735
-0.975231
-0.923716
-0.83438
-0.706208
0.456899
0.268298
0.0808747
-0.0890094
-0.229271
-0.121109
0.0207927
0.189727
0.372357
0.551722
-0.635429
-0.77798
-0.882949
-0.949675
-0.984482
-0.997791
-0.997134
-0.969939
-0.906246
-0.802479
0.736107
0.584628
0.420284
0.260623
0.121168
0.0115444
-0.130285
-0.296234
-0.47187
-0.63984
0.716259
0.842176
0.929099
0.978294
0.997787
0.999059
0.982828
0.93741
0.854431
0.732219
-0.657457
-0.492151
-0.318262
-0.153199
-0.0116032
0.0981597
0.238207
0.399169
0.565693
0.720243
-0.788453
-0.896218
-0.964047
-0.995116
-0.999061
-0.98828
-0.956671
-0.893579
-0.792314
-0.653131
0.570878
0.393739
0.212402
0.0439282
-0.0981013
0.0116619
0.153257
0.318318
0.492202
0.657501
-0.855812
-0.942488
-0.988751
-0.999801
-0.986881
-0.963214
-0.915406
-0.834059
-0.714397
-0.558754
0.279488
0.0802946
-0.110059
-0.276714
-0.410109
-0.507685
-0.624661
-0.74783
-0.860092
-0.94524
0.999739
0.983837
0.932074
0.857303
0.775689
0.701774
0.593727
0.448952
0.271479
0.0719871
0.235344
0.426349
0.590046
0.718196
0.809563
0.869075
0.93041
0.979025
0.999895
0.982311
-0.878545
-0.764282
-0.628221
-0.487456
-0.358791
-0.254229
-0.114597
0.0552131
0.243434
0.43387
-0.687765
-0.819928
-0.913558
-0.969219
-0.994328
-0.999994
-0.989424
-0.950592
-0.874535
-0.758883
0.524369
0.342047
0.157769
-0.0116591
-0.153255
-0.260734
-0.394923
-0.544736
-0.693789
-0.824669
0.957797
0.996071
0.994804
0.963215
0.915407
0.865725
0.786052
0.670072
0.517256
0.334206
-0.0311354
0.170896
0.354522
0.507682
0.624659
0.706553
0.799713
0.8898
0.960159
0.996774
-0.973831
-0.908065
-0.812237
-0.701776
-0.593729
-0.501874
-0.374226
-0.211854
-0.0228067
0.179099
-0.470355
-0.638519
-0.772796
-0.869073
-0.930409
-0.965002
-0.992427
-0.998898
-0.971904
-0.904544
0.731614
0.579249
0.414273
0.254232
0.1146
0.00493051
-0.13684
-0.302545
-0.477691
-0.644909
0.847112
0.936813
0.986133
0.999994
0.989424
0.967541
0.921959
0.843098
0.725909
0.572437
-0.29538
-0.0968219
0.0935523
0.260731
0.39492
0.49332
0.611618
0.736712
0.85151
0.939695
-0.999222
-0.986673
-0.937957
-0.865726
-0.786053
-0.713497
-0.606996
-0.463716
-0.28741
-0.0885261
-0.219186
-0.411281
-0.576569
-0.706551
-0.799712
-0.860747
-0.924201
-0.97551
-0.999516
-0.985283
0.886349
0.774877
0.641043
0.501876
0.374229
0.270241
0.131064
-0.0386388
-0.227307
-0.418861
0.675626
0.810317
0.906684
0.965001
0.992427
0.972962
0.930408
0.85494
0.741143
0.590672
-0.503595
-0.319191
-0.13381
0.0358705
0.17714
0.284036
0.417055
0.564884
0.711026
0.838125
-0.890286
-0.963786
-0.996859
-0.99588
-0.972976
-0.941773
-0.884612
-0.792911
-0.663067
-0.49864
0.405835
0.21336
0.0243471
-0.145226
-0.28398
-0.38745
-0.514192
-0.651952
-0.783836
-0.892879
0.93485
0.987214
0.999532
0.979933
0.941792
0.899228
0.82815
0.721322
0.576996
0.400595
-0.303181
-0.104956
0.0854091
0.252829
0.387396
0.486192
0.605129
0.731159
0.847194
0.936867
-0.968141
-0.998739
-0.990154
-0.95217
-0.899253
-0.941812
-0.979945
-0.999534
-0.987205
-0.934829
0.782179
0.640597
0.483468
0.328317
0.191137
0.0823052
-0.0597675
-0.227874
-0.408269
-0.583828
0.803445
0.90693
0.970332
0.997255
0.997682
0.984197
0.949166
0.882187
0.77696
0.634177
-0.368432
-0.173558
0.0162207
0.185236
0.322636
0.216855
0.076316
-0.0935631
-0.280546
-0.468191
0.557507
0.713345
0.833229
0.9148
0.962809
0.986637
0.99977
0.988975
0.94299
0.856589
-0.798311
-0.660591
-0.506346
-0.353072
-0.216913
-0.108515
0.0334662
0.20216
0.384094
0.562251
-0.645167
-0.785882
-0.88883
-0.95357
-0.986628
-0.962793
-0.914776
-0.833197
-0.713303
-0.557458
0.277988
0.0787376
-0.111611
-0.278214
-0.411533
-0.309069
-0.171166
-0.00192243
0.187622
0.381687
-0.475698
-0.643174
-0.776631
-0.872057
-0.932615
-0.887398
-0.813106
-0.702837
-0.555293
-0.376333
0.0761398
-0.126328
-0.31203
-0.468348
-0.588839
-0.49662
-0.368596
-0.205924
-0.0167438
0.185062
-0.286213
-0.473404
-0.631754
-0.753852
-0.839361
-0.774665
-0.677224
-0.542905
-0.373918
-0.179374
-0.128912
-0.326078
-0.499321
-0.638775
-0.741368
-0.810513
-0.885342
-0.951267
-0.992468
-0.996796
0.925027
0.829509
0.708637
0.578978
0.457581
0.357278
0.221303
0.0530348
-0.13717
-0.333942
0.60527
0.753247
0.864245
0.936929
0.977007
0.994499
0.999306
0.978578
0.92183
0.824827
-0.613334
-0.441612
-0.26358
-0.0964911
0.0455444
0.154856
0.293306
0.4509
0.611881
0.758701
-0.921116
-0.980662
-0.99998
-0.986619
-0.953553
-0.914754
-0.848263
-0.74638
-0.606732
-0.434122
0.13899
-0.0633958
-0.251376
-0.411584
-0.536592
-0.440784
-0.309123
-0.143681
0.0464664
0.246786
-0.346183
-0.528115
-0.679472
-0.793861
-0.87203
-0.92046
-0.96656
-0.99602
-0.994862
-0.954059
0.917745
0.818897
0.69529
0.563596
0.440837
0.339711
0.202987
0.0343105
-0.15571
-0.351549
0.446958
0.618036
0.75582
0.855748
0.920437
0.872001
0.793825
0.679428
0.528065
0.346128
-0.0438047
0.158391
0.342639
0.496719
0.614708
0.697525
0.792037
0.883943
0.956539
0.995676
-0.976634
-0.913302
-0.819567
-0.710751
-0.603883
-0.687677
-0.783629
-0.877477
-0.952469
-0.994315
0.999997
0.979999
0.924527
0.846674
0.762715
0.687165
0.577267
0.430718
0.251882
0.051722
0.0523677
0.252508
0.431301
0.577795
0.687635
0.603836
0.484773
0.329726
0.144838
-0.0574981
0.358959
0.539659
0.689425
0.802089
0.878631
0.820946
0.731735
0.605802
0.444047
0.254403
-0.152496
0.0497654
0.238139
0.399104
0.525022
0.615218
0.720736
0.827676
0.919032
0.979607
-0.995186
-0.994522
-0.956691
-0.89361
-0.820979
-0.878659
-0.937455
-0.982852
-0.999986
-0.978429
0.868957
0.75142
0.61276
0.470147
0.340319
0.235112
0.0949892
-0.0748875
-0.262508
-0.451549
0.701943
0.831055
0.921399
0.973885
0.996232
0.999734
0.986372
0.944287
0.864803
0.745896
-0.50748
-0.323454
-0.13827
0.0313708
0.172707
0.279717
0.412959
0.561164
0.707853
0.83566
-0.963278
-0.997623
-0.992603
-0.95773
-0.907293
-0.947946
-0.983507
-0.999931
-0.984043
-0.92801
0.884256
0.772023
0.637582
0.497977
0.37005
0.265904
0.126599
-0.0431373
-0.231689
-0.422945
0.514848
0.677023
0.804227
0.893223
0.947928
0.907269
0.838509
0.734175
0.592202
0.417697
-0.120989
0.0815025
0.268905
0.428061
0.551823
0.457006
0.326336
0.161623
-0.0283247
-0.229154
0.329095
0.512612
0.66604
0.782691
0.863001
0.802371
0.709689
0.580193
0.415328
0.223519
0.0840992
0.283151
0.459775
0.603459
0.710377
0.783299
0.863494
0.936407
0.98594
0.999388
-0.941205
-0.853831
-0.739709
-0.615128
-0.497181
-0.398999
-0.265019
-0.0979753
0.0923984
0.291132
-0.568788
-0.722846
-0.8407
-0.920229
-0.966408
-0.98877
-0.99997
-0.986861
-0.938358
-0.849465
0.648299
0.48159
0.306777
0.141241
-0.000487067
0.109216
0.248989
0.409336
0.574824
0.72791
-0.795242
-0.901094
-0.966941
-0.996152
-0.998518
-0.998462
-0.980525
-0.933132
-0.848087
-0.723932
0.479305
0.292636
0.106119
-0.0637275
-0.204519
-0.0959032
0.0461344
0.21456
0.395768
0.57269
-0.654802
-0.793659
-0.894568
-0.957312
-0.988615
-0.966142
-0.919824
-0.84014
-0.722132
-0.567939
0.290144
0.0913699
-0.0990032
-0.266014
-0.399946
-0.498077
-0.615942
-0.740404
-0.854368
-0.941554
0.999423
0.985767
0.936044
0.862972
0.782656
0.846216
0.91319
0.968996
0.99826
0.989667
-0.969401
-0.900056
-0.801162
-0.688301
-0.578544
-0.66453
-0.763726
-0.861977
-0.942428
-0.99048
0.985326
0.930726
0.844552
0.741725
0.639184
0.719692
0.810825
0.898197
0.965228
0.998103
-0.999096
-0.970037
-0.906416
-0.821838
-0.7328
-0.653733
-0.539889
-0.389616
-0.208021
-0.00667195
-0.0973105
-0.295849
-0.471515
-0.613984
-0.719651
-0.639139
-0.52369
-0.371929
-0.189274
0.0124565
-0.316539
-0.501177
-0.656087
-0.774366
-0.856223
-0.907727
-0.958026
-0.992728
-0.997551
-0.963
0.835092
0.707123
0.560308
0.412018
0.278725
0.382396
0.509488
0.64779
0.780423
0.8904
-0.932891
-0.986327
-0.999685
-0.98101
-0.943619
-0.90161
-0.831207
-0.725104
-0.58146
-0.405607
0.308396
0.110401
-0.0799515
-0.247527
-0.382341
-0.278668
-0.139747
0.0298802
0.218764
0.410888
-0.669139
-0.80515
-0.902953
-0.962665
-0.991312
-0.999758
-0.992783
-0.958158
-0.886549
-0.77515
0.545789
0.365761
0.182755
0.0136967
-0.128151
-0.236173
-0.371503
-0.523299
-0.675307
-0.810064
0.950202
0.993505
0.997065
0.969719
0.925319
0.878137
0.801472
0.688676
0.538789
0.357994
-0.0564669
0.14586
0.330701
0.485676
0.604659
0.513635
0.386851
0.225177
0.0364531
-0.165651
0.267266
0.455946
0.616349
0.740751
0.828481
0.762047
0.662586
0.526243
0.35556
0.159944
0.148438
0.344652
0.516305
0.65382
0.754455
0.821903
0.894337
0.957162
0.99469
0.995026
-0.917358
-0.818337
-0.694589
-0.562791
-0.439962
-0.338794
-0.202033
-0.0333369
0.156672
0.352461
-0.620846
-0.766068
-0.873995
-0.943638
-0.981021
-0.953828
-0.901634
-0.815413
-0.690934
-0.531102
0.440148
0.250197
0.0621805
-0.107661
-0.247473
-0.139691
0.00205178
0.171293
0.354898
0.535994
-0.76774
-0.881102
-0.954759
-0.99132
-0.999946
-0.995046
-0.970914
-0.916375
-0.823904
-0.692815
0.614103
0.442486
0.26452
0.0974606
-0.0445713
0.065289
0.20605
0.368716
0.538192
0.696975
-0.882331
-0.959062
-0.995351
-0.997291
-0.976799
-0.94741
-0.892493
-0.803262
-0.675829
-0.513458
0.227576
0.0267047
-0.163222
-0.327868
-0.458447
-0.358187
-0.222253
-0.0540075
0.136205
0.333024
-0.429235
-0.602417
-0.742764
-0.845381
-0.912552
-0.862181
-0.781681
-0.664831
-0.51122
-0.327564
0.0240998
-0.177827
-0.361094
-0.513734
-0.630139
-0.541156
-0.416516
-0.256616
-0.0688016
0.133623
-0.235915
-0.42688
-0.59052
-0.718604
-0.809908
-0.869365
-0.930625
-0.979145
-0.999903
-0.982201
0.957355
0.879507
0.773384
0.654916
0.541205
0.445693
0.314326
0.149098
-0.0409953
-0.241476
0.34104
0.523457
0.675443
0.790519
0.869336
0.918306
0.965141
0.995517
0.995401
0.955685
-0.919906
-0.822027
-0.699215
-0.568111
-0.445746
-0.344856
-0.208346
-0.0397831
0.150298
0.346417
-0.442053
-0.613721
-0.752222
-0.852902
-0.918283
-0.869307
-0.790483
-0.6754
-0.523407
-0.340985
0.0383329
-0.163796
-0.347778
-0.501465
-0.619019
-0.529127
-0.403528
-0.242827
-0.0545886
0.147721
-0.249729
-0.439714
-0.601952
-0.728434
-0.818178
-0.876314
-0.935742
-0.981939
-1
-0.979427
0.953144
0.872641
0.764278
0.644089
0.529176
0.432901
0.300776
0.135003
-0.0552189
-0.25527
0.354392
0.535536
0.685875
0.79916
0.876286
0.92385
0.96877
0.996763
0.993937
0.951396
-0.914229
-0.813835
-0.688964
-0.556335
-0.432954
-0.331455
-0.194398
-0.0255507
0.164361
0.35974
-0.454781
-0.624902
-0.761529
-0.86025
-0.923827
-0.960246
-0.990116
-0.999569
-0.975888
-0.911894
0.864291
0.745216
0.605343
0.461873
0.331511
0.226013
0.0856759
-0.0842094
-0.27152
-0.459873
0.549686
0.706732
0.828
0.910967
0.96023
0.985064
0.999524
0.990322
0.946074
0.861397
-0.803931
-0.667612
-0.514422
-0.361842
-0.22607
-0.117845
0.0240793
0.192954
0.375406
0.554461
-0.637964
-0.780041
-0.884487
-0.9507
-0.985054
-0.998004
-0.99688
-0.969134
-0.904851
-0.800513
0.733878
0.581958
0.417299
0.257448
0.117904
0.00825715
-0.133544
-0.299372
-0.474766
-0.642363
0.718549
0.843944
0.93031
0.978969
0.998001
0.998911
0.982216
0.936261
0.852718
0.729976
-0.654976
-0.489286
-0.315144
-0.14995
-0.00831591
0.101431
0.241399
0.402181
0.568401
0.72252
-0.790471
-0.897671
-0.964915
-0.995435
-0.998914
-0.987773
-0.955709
-0.892098
-0.790304
-0.650638
0.568176
0.390715
0.209189
0.0406437
-0.101372
-0.209896
-0.346343
-0.50014
-0.655182
-0.793965
0.852861
0.940575
0.987886
0.999898
0.987782
0.964725
0.917678
0.837179
0.71836
0.563455
-0.474526
-0.287433
-0.100712
0.0691526
0.209838
0.31583
0.447111
0.592068
0.734063
0.855836
-0.904967
-0.972137
-0.998944
-0.992305
-0.96474
-0.930045
-0.868581
-0.772165
-0.637754
-0.469478
0.375154
0.180685
-0.00898008
-0.178115
-0.315774
-0.417956
-0.542487
-0.676858
-0.804093
-0.907389
0.946162
0.991978
0.997958
0.972746
0.930066
0.88415
0.809012
0.697841
0.549459
0.36984
-0.271258
-0.0717585
0.118563
0.28493
0.417902
0.515042
0.631323
0.753486
0.864428
0.948
-0.975948
-0.999857
-0.984939
-0.941459
-0.884177
-0.827594
-0.739688
-0.615103
-0.454538
-0.265742
0.164092
-0.0380334
-0.226717
-0.388309
-0.514991
-0.605918
-0.712546
-0.821029
-0.91434
-0.97718
0.993966
0.995681
0.960044
0.89882
0.827627
0.76106
0.661445
0.524948
0.354137
0.158441
-0.0549467
0.147367
0.332137
0.487006
0.605871
0.689488
0.785178
0.878672
0.953227
0.994578
-1
-0.979499
-0.923573
-0.845343
-0.761098
-0.685349
-0.575227
-0.428463
-0.249465
-0.0492284
-0.0548608
-0.254923
-0.433552
-0.579831
-0.689445
-0.764744
-0.848342
-0.925721
-0.98062
-0.999984
0.993976
0.951507
0.875966
0.781673
0.685392
0.601374
0.482073
0.326812
0.141786
-0.0605773
0.164007
0.359405
0.52974
0.665665
0.764707
0.83078
0.901277
0.961607
0.996189
0.993332
-0.975967
-0.912041
-0.817796
-0.708578
-0.601421
-0.510149
-0.383106
-0.22122
-0.0323968
0.169653
-0.271175
-0.459554
-0.61954
-0.743472
-0.830747
-0.886798
-0.943345
-0.985899
-0.999746
-0.974703
0.94619
0.861579
0.749766
0.626939
0.510199
0.412772
0.279519
0.112961
-0.0773828
-0.276682
0.375074
0.554162
0.70187
0.812315
0.886771
0.932123
0.974039
0.998303
0.991249
0.944321
-0.905004
-0.800728
-0.672695
-0.537741
-0.412825
-0.310417
-0.172562
-0.00334013
0.186229
0.380376
-0.47445
-0.642088
-0.775737
-0.871362
-0.932102
-0.96621
-0.992987
-0.998669
-0.9708
-0.902553
0.852905
0.730221
0.587514
0.442059
0.310473
0.20432
0.063525
-0.106321
-0.29283
-0.479483
0.568106
0.722272
0.84025
0.919904
0.966194
0.988645
0.999963
0.986995
0.938645
0.849902
-0.790523
-0.650911
-0.495248
-0.341046
-0.204378
-0.0957597
0.0462784
0.214701
0.395901
0.572809
-0.654911
-0.793747
-0.894632
-0.957353
-0.988637
-0.999161
-0.994881
-0.963419
-0.895172
-0.787004
0.718609
0.563751
0.397011
0.235922
0.0958182
-0.0139556
-0.155524
-0.320491
-0.494197
-0.659227
0.73382
0.855651
0.938227
0.983259
0.999158
0.997628
0.977803
0.928227
0.840905
0.714615
-0.63803
-0.469794
-0.293986
-0.127953
0.0138969
0.123503
0.262894
0.422417
0.586535
0.737698
-0.80388
-0.907238
-0.970509
-0.997309
-0.997632
-0.984067
-0.948936
-0.881842
-0.776499
-0.633611
0.549758
0.370173
0.187417
0.0184405
-0.123444
-0.231561
-0.367094
-0.51925
-0.6718
-0.807273
0.864248
0.947886
0.991089
0.999334
0.984077
0.95864
0.908626
0.824824
0.702731
0.544966
-0.454857
-0.266088
-0.0785881
0.0912939
0.231503
0.336826
0.466868
0.609822
0.748965
0.867114
-0.914194
-0.977104
-0.999718
-0.98931
-0.958656
-0.921654
-0.85736
-0.757861
-0.620489
-0.44975
0.354472
0.158795
-0.0311885
-0.199927
-0.336771
-0.438031
-0.561013
-0.693041
-0.8171
-0.9165
0.953118
0.994541
0.996294
0.967356
0.921676
0.873554
0.795757
0.68176
0.530765
0.349112
-0.249812
-0.0495866
0.140589
0.30615
0.437978
0.533954
0.648393
0.767903
0.875382
0.954835
-0.980549
-0.999986
-0.980856
-0.933738
-0.873583
-0.814922
-0.724559
-0.597439
-0.434641
-0.244264
0.142141
-0.0602194
-0.248294
-0.408682
-0.533904
-0.623438
-0.727955
-0.833507
-0.923109
-0.981657
0.996157
0.993373
0.953591
0.888862
0.814956
0.746464
0.644624
0.505913
0.333277
0.136471
-0.0327552
0.169299
0.353006
0.506286
0.623392
0.705406
0.798739
0.88906
0.959705
0.996643
-0.999754
-0.974783
-0.914829
-0.833268
-0.746503
-0.669005
-0.556916
-0.408288
-0.227894
-0.0270317
-0.0770253
-0.276338
-0.453461
-0.597785
-0.705364
-0.778867
-0.859893
-0.933893
-0.984729
-0.999611
0.991296
0.944439
0.865035
0.767627
0.669049
0.58348
0.462493
0.30574
0.119764
-0.082733
0.185877
0.380044
0.548448
0.682076
0.778831
0.842938
0.910678
0.967465
0.99788
0.990526
-0.970886
-0.902707
-0.804811
-0.69273
-0.583528
-0.490919
-0.362494
-0.199505
-0.010189
0.1915
-0.292488
-0.479168
-0.636822
-0.758143
-0.842906
-0.896844
-0.950483
-0.989372
-0.998999
-0.969498
0.938768
0.850091
0.734884
0.60948
0.49097
0.583575
0.692772
0.804846
0.902733
0.9709
-0.997703
-0.963593
-0.895462
-0.807191
-0.715386
-0.634418
-0.518464
-0.366238
-0.183258
0.0185786
-0.322341
-0.506466
-0.660695
-0.778225
-0.85937
-0.910279
-0.959764
-0.993447
-0.997105
-0.961332
0.831709
0.70278
0.555227
0.406431
0.27284
0.376731
0.50421
0.643113
0.776581
0.887596
-0.930669
-0.985299
-0.99982
-0.982179
-0.945629
-0.904242
-0.834596
-0.729307
-0.586431
-0.411196
0.314214
0.116484
-0.0738468
-0.24159
-0.376677
-0.476024
-0.595854
-0.723197
-0.840975
-0.932748
0.965172
0.99809
0.991711
0.95565
0.904267
0.945648
0.98219
0.999821
0.985289
0.930647
-0.774899
-0.631647
-0.473282
-0.317339
-0.179739
-0.0707401
0.0713417
0.239152
0.418829
0.593206
-0.810296
-0.911755
-0.973071
-0.998047
-0.996826
-0.982076
-0.945451
-0.876666
-0.769606
-0.625166
0.357624
0.162124
-0.027817
-0.196622
-0.333593
-0.228164
-0.087876
0.0820087
0.269394
0.457911
-0.54784
-0.705168
-0.82676
-0.910054
-0.959611
-0.984681
-0.999454
-0.990626
-0.946787
-0.862516
0.805243
0.669254
0.516314
0.3639
0.228221
0.120038
-0.0218715
-0.190787
-0.373359
-0.552621
0.636262
0.778657
0.883455
0.950013
0.984671
0.997862
0.997052
0.969676
0.905789
0.801834
-0.735376
-0.583752
-0.419305
-0.259581
-0.120097
-0.0104654
0.131355
0.297265
0.472821
0.640669
-0.717012
-0.842757
-0.929498
-0.978517
-0.997859
-0.999012
-0.982628
-0.937034
-0.85387
-0.731484
0.656643
0.491211
0.317239
0.152133
0.0105242
-0.0992335
-0.239255
-0.400158
-0.566582
-0.720991
0.789116
0.896696
0.964333
0.995222
0.999014
0.988115
0.956356
0.893094
0.791655
0.652314
-0.569992
-0.392747
-0.211348
-0.0428501
0.0991751
0.207736
0.34427
0.498226
0.653512
0.79262
-0.851705
-0.939823
-0.98754
-0.999927
-0.988124
-0.999017
-0.995216
-0.964317
-0.89667
-0.78908
0.564385
0.386477
0.204688
0.0360469
-0.105948
-0.214391
-0.350655
-0.504118
-0.65865
-0.796753
0.942997
0.990713
0.998528
0.974936
0.933564
0.888613
0.814641
0.704713
0.557487
0.378779
-0.0787728
0.123707
0.30952
0.466013
0.586702
0.671997
0.770167
0.867022
0.945738
0.991812
-0.983563
-0.927008
-0.839135
-0.734955
-0.631433
-0.542557
-0.418031
-0.258226
-0.0704643
0.131971
-0.427729
-0.601085
-0.741646
-0.84449
-0.911869
-0.951395
-0.985439
-1
-0.982024
-0.923851
0.763297
0.617469
0.457212
0.300072
0.161851
0.269128
0.402905
0.552016
0.700032
0.829562
-0.883114
-0.959533
-0.99551
-0.997167
-0.976441
-0.946876
-0.89174
-0.802268
-0.6746
-0.512027
0.419964
0.22849
0.0398526
-0.129859
-0.269071
-0.373102
-0.500825
-0.640111
-0.774108
-0.885786
0.929229
0.984623
0.999886
0.982907
0.946894
0.905906
0.836746
0.731979
0.589597
0.414761
-0.317928
-0.120371
0.0699424
0.23779
0.373048
0.472577
0.592706
0.720487
0.838851
0.93133
-0.96414
-0.99784
-0.992206
-0.956796
-0.905931
-0.854014
-0.771662
-0.652864
-0.497485
-0.312494
0.212058
0.0108006
-0.178894
-0.342853
-0.472526
-0.372993
-0.237733
-0.0698838
0.120429
0.317984
-0.591747
-0.742037
-0.85563
-0.930896
-0.973269
-0.99259
-0.999792
-0.981914
-0.928242
-0.834254
0.626579
0.456695
0.279826
0.113279
-0.0286751
-0.138157
-0.277126
-0.435769
-0.598443
-0.747596
0.914414
0.977219
0.999731
0.98923
0.958502
0.921443
0.857081
0.757508
0.620064
0.449267
-0.155687
0.0465404
0.235002
0.396142
0.522271
0.612669
0.718495
0.82586
0.917755
0.978953
-0.994587
-0.953252
-0.878713
-0.785231
-0.68955
-0.605939
-0.487081
-0.332218
-0.147451
0.0548614
-0.356492
-0.537433
-0.687509
-0.800509
-0.877366
-0.924708
-0.969325
-0.996941
-0.993687
-0.950702
0.811005
0.676492
0.524669
0.372996
0.237736
0.129746
-0.0120888
-0.181173
-0.364264
-0.544441
0.774133
0.885804
0.957696
0.992589
0.999792
0.991522
0.9631
0.903643
0.806103
0.670333
-0.412353
-0.220333
-0.0314875
0.138154
0.277124
0.380855
0.508053
0.646519
0.77938
0.88964
-0.986481
-0.999268
-0.973911
-0.921444
-0.857083
-0.795395
-0.701469
-0.570707
-0.404748
-0.212198
-0.0956514
-0.294257
-0.470044
-0.612667
-0.718493
-0.790457
-0.869286
-0.940414
-0.987812
-0.998915
0.937224
0.847736
0.731854
0.605941
0.487083
0.579951
0.689552
0.802194
0.900807
0.969823
-0.989913
-0.998157
-0.968568
-0.912486
-0.845295
-0.781581
-0.685285
-0.55212
-0.384108
-0.190196
0.0871144
-0.115397
-0.30155
-0.45859
-0.579903
-0.665774
-0.764801
-0.862821
-0.942985
-0.990708
0.999479
0.985485
0.935456
0.862129
0.781618
0.845327
0.91251
0.968583
0.99816
0.989904
-0.899647
-0.79322
-0.663447
-0.52722
-0.401473
-0.298579
-0.160307
0.00908889
0.198426
0.391841
-0.653541
-0.792644
-0.893822
-0.956828
-0.988363
-0.999085
-0.995062
-0.963903
-0.895978
-0.78812
0.563095
0.385036
0.203159
0.0344859
-0.107501
-0.215916
-0.352117
-0.505466
-0.659825
-0.797696
0.943516
0.990924
0.998442
0.974588
0.933004
0.887895
0.813734
0.703604
0.55619
0.377333
-0.0772156
0.125257
0.311005
0.467394
0.587966
0.673153
0.771163
0.867799
0.946244
0.99201
-0.98328
-0.926421
-0.838285
-0.733895
-0.630221
-0.541244
-0.416611
-0.256717
-0.0689062
0.133519
-0.42914
-0.602333
-0.742693
-0.845325
-0.912509
-0.951875
-0.985703
-1
-0.981728
-0.923252
0.762287
0.61624
0.455823
0.298581
0.160309
0.0510605
-0.0909929
-0.258249
-0.436651
-0.608963
0.821692
0.919676
0.977427
0.999085
0.995063
0.999945
0.988362
0.948351
0.871048
0.754212
-0.68187
-0.5205
-0.349252
-0.1856
-0.0444664
0.0653937
0.206153
0.368814
0.538281
0.69705
-0.767807
-0.881151
-0.954791
-0.991333
-0.999945
-0.992764
-0.965725
-0.907852
-0.811941
-0.67767
0.597559
0.423743
0.244409
0.0767444
-0.0653351
0.0445251
0.185658
0.349307
0.52055
0.681913
-0.872354
-0.952966
-0.993133
-0.998605
-0.981041
-0.95386
-0.90168
-0.815474
-0.691009
-0.53119
0.247775
0.0474856
-0.142671
-0.308152
-0.439868
-0.535731
-0.649993
-0.769249
-0.876397
-0.955458
0.99995
0.977419
0.919662
0.839917
0.754524
0.821963
0.894384
0.957192
0.994701
0.995015
-0.979259
-0.91835
-0.826707
-0.719539
-0.613857
-0.523553
-0.397521
-0.236463
-0.0480419
0.154202
-0.256071
-0.445592
-0.607174
-0.73291
-0.82193
-0.879453
-0.938034
-0.983158
-0.999976
-0.978083
0.951141
0.869421
0.760035
0.63906
0.523603
0.613903
0.71958
0.82674
0.918374
0.979271
-0.994424
-0.952779
-0.877966
-0.784263
-0.688418
-0.604696
-0.485716
-0.330744
-0.145906
0.0564208
-0.357951
-0.53875
-0.688643
-0.801444
-0.878115
-0.925301
-0.969708
-0.997062
-0.99351
-0.950216
0.810091
0.675341
0.523338
0.371546
0.236218
0.128197
-0.0136506
-0.182709
-0.365718
-0.54575
0.775121
0.886528
0.958144
0.992778
0.999759
0.991318
0.962678
0.902973
0.805178
0.669173
-0.41093
-0.218809
-0.0299263
0.139701
0.278624
0.382299
0.509397
0.64771
0.780358
0.890352
-0.986736
-0.999207
-0.973556
-0.920836
-0.856277
-0.907771
-0.958056
-0.992741
-0.997544
-0.962972
0.929731
0.836466
0.717453
0.589184
0.468725
0.368993
0.233546
0.0655859
-0.124705
-0.322065
0.41873
0.593118
0.734947
0.839129
0.907747
0.948289
0.983702
0.999943
0.983851
0.927607
-0.883751
-0.771337
-0.63675
-0.497041
-0.369047
-0.468777
-0.589231
-0.717494
-0.836498
-0.929752
0.997727
0.990841
0.947296
0.879399
0.80305
0.732832
0.629005
0.488336
0.31411
0.116375
0.191787
0.385604
0.55347
0.686464
0.782591
0.84616
0.913148
0.96897
0.998254
0.989682
-0.898963
-0.792268
-0.662278
-0.525893
-0.400042
-0.498167
-0.616024
-0.740474
-0.854423
-0.941589
0.971494
0.999335
0.988134
0.947876
0.893151
0.838422
0.752717
0.630416
0.471883
0.284559
-0.183366
0.0184691
0.207612
0.370199
0.498117
0.590232
0.698678
0.809699
0.906239
0.972836
-0.991629
-0.997307
-0.965337
-0.907226
-0.838454
-0.77361
-0.675997
-0.541505
-0.372372
-0.177734
0.0744777
-0.127981
-0.313613
-0.46982
-0.590185
-0.675181
-0.772908
-0.86916
-0.947128
-0.992352
0.999808
0.983254
0.9309
0.855636
0.773647
0.69947
0.591126
0.446065
0.26837
0.0687664
0.0353087
0.23595
0.415833
0.563775
0.675137
0.590138
0.469768
0.313558
0.127923
-0.0745363
0.374843
0.553955
0.701692
0.812169
0.886656
0.932033
0.973982
0.998288
0.991282
0.944403
-0.799314
-0.661841
-0.507783
-0.354631
-0.218539
-0.110172
0.0318003
0.200527
0.382554
0.560872
-0.786463
-0.894781
-0.963184
-0.994792
-0.999196
-0.988768
-0.957606
-0.895023
-0.794279
-0.655573
0.394312
0.201059
0.0117759
-0.157654
-0.296013
-0.39901
-0.524935
-0.661434
-0.791581
-0.89847
0.98952
0.99832
0.969248
0.913606
0.846759
0.783291
0.687282
0.554407
0.386642
0.192891
0.115258
0.313042
0.487354
0.62813
0.732066
0.652916
0.53898
0.388622
0.206966
0.00559291
0.0983844
0.29688
0.472466
0.614835
0.7204
0.792136
0.87064
0.941344
0.988236
0.998783
-0.988246
-0.937175
-0.854079
-0.753709
-0.65296
-0.565933
-0.443378
-0.285255
-0.0984501
0.104081
-0.206901
-0.399789
-0.56625
-0.697598
-0.7921
-0.720359
-0.614789
-0.472414
-0.296824
-0.0983259
-0.209572
-0.40229
-0.568499
-0.699552
-0.793763
-0.855695
-0.920397
-0.973298
-0.999162
-0.986918
0.890864
0.781061
0.648567
0.510365
0.383338
0.279705
0.140815
-0.0288016
-0.217711
-0.409904
0.668337
0.80451
0.902489
0.962373
0.99117
0.999734
0.992912
0.958466
0.887048
0.775831
-0.546693
-0.366765
-0.183815
-0.0147757
0.127081
0.235125
0.370501
0.522379
0.674511
0.80943
-0.949865
-0.993382
-0.997147
-0.969982
-0.925727
-0.878653
-0.802117
-0.689458
-0.539697
-0.359002
0.0575442
-0.144793
-0.329682
-0.484732
-0.603799
-0.603799
-0.603799
-0.603799
-0.603799
-0.603799
