(-0.367417,-0.1875)
(0.158008,-0.231229)
(0.26449,-0.0112383)
(-0.0770463,0.32935)
(0.061758,0.376621)
(-0.379359,0.164526)
(0.165743,-0.254383)
(0.0462569,-1.92899)
(0.230698,1.89022)
(-0.148232,0.360028)
(-0.10277,-0.39433)
(-0.124519,-0.237474)
(-0.0346498,-0.236906)
(0.29226,0.0789352)
(1.03016,0.148234)
(-2.35345,0.205131)
(1.10743,-0.172511)
(0.532052,0.0873061)
(-0.101775,-0.142112)
(-0.396442,0.0466678)
(-0.149333,-0.0416814)
(0.156804,0.0631737)
(0.167412,-0.345144)
(-0.0482242,0.624069)
(0.20697,-0.0999511)
(-0.32829,-0.198302)
(-0.161991,-0.209947)
(0.174881,0.0951948)
(0.214808,0.0491962)
(0.53744,0.495458)
(-1.49936,-0.849904)
(0.616841,0.556076)
(0.759792,0.229032)
(-0.583559,-0.412393)
(0.214039,-0.391811)
(-0.599646,0.136101)
(0.360018,0.334323)
(0.0349685,1.2443)
(0.39189,-1.65313)
(-0.401454,-0.403834)
(-0.015231,0.866394)
(-0.080594,-0.178266)
(0.0373992,0.450429)
(0.0118781,-0.142833)
(0.117504,0.289946)
(0.526156,-1.62274)
(-0.758793,0.987041)
(-0.251484,0.66941)
(0.546851,-0.437871)
(-0.238915,-0.00531532)
(0.490703,-0.249061)
(-0.487564,0.0615752)
(0.710502,-0.136536)
(-1.19963,0.527059)
(0.183099,-0.217235)
(0.73039,-0.188331)
(0.148261,-0.0111986)
(-0.303303,0.165537)
(-0.420224,0.127208)
(-0.381916,0.0518227)
(1.44749,-0.800439)
(-0.744889,0.451868)
(-0.559811,0.502483)
(0.64627,-0.280549)
(0.205806,0.140165)
(-0.282974,-0.515869)
(-0.14515,0.168136)
(-0.521345,-0.678874)
(1.08481,1.6173)
(-0.26604,-0.171941)
(-0.390358,-1.17313)
(0.353921,0.343956)
(-0.348054,-0.135899)
(0.239973,0.402438)
(-0.289263,-0.151073)
(0.413494,0.802705)
(-0.0299351,-0.67655)
(-0.229415,-0.842076)
(0.0870761,0.792422)
(-0.00311631,-0.17599)
(-0.0367705,0.510861)
(-0.128367,-0.209015)
(0.0581757,0.491741)
(0.418238,-1.55151)
(-0.0559212,0.358459)
(-0.370485,1.16286)
(-0.252076,-0.253603)
(0.252017,-0.32899)
(0.036889,-0.33636)
(0.461668,0.0834028)
(0.0173433,0.564297)
(-0.349113,-0.286518)
(-1.03883,-0.525941)
(1.11785,0.835186)
(-0.118515,-0.222751)
(0.468617,-0.0733503)
(-0.313909,-0.291848)
(0.285572,-0.0915153)
(-1.72953,0.47471)
(0.728767,0.33731)
(1.79725,-0.796851)
(-1.05356,0.324586)
(-0.27884,-0.12696)
(-0.330641,0.162167)
(0.076802,-0.00901294)
(0.705206,-0.235383)
(-0.224856,0.215529)
(-0.611559,0.656946)
(1.12286,-1.40031)
(-0.802593,0.778365)
(0.119955,-0.169625)
(-0.497839,0.401558)
(0.602169,-0.224785)
(0.236078,-0.102085)
(0.227251,-0.188566)
(-1.35453,0.328488)
(1.05291,-0.30524)
(-0.30302,0.486129)
(0.0966648,-0.277021)
(-0.117663,0.136346)
(0.332241,-0.656567)
(-0.3937,0.525499)
(0.047567,0.538574)
(0.269908,-0.767595)
(-0.118994,0.0516464)
(-0.234156,0.130425)
(0.0660135,0.0794103)
(-0.00926021,0.146707)
(-0.367417,-0.1875)
(0.158008,-0.231229)
(0.26449,-0.0112383)
(-0.0770463,0.32935)
(0.061758,0.376621)
(-0.379359,0.164526)
(0.165743,-0.254383)
(0.0462569,-1.92899)
(0.230698,1.89022)
(-0.148232,0.360028)
(-0.10277,-0.39433)
(-0.124519,-0.237474)
(-0.0346498,-0.236906)
(0.29226,0.0789352)
(1.03016,0.148234)
(-2.35345,0.205131)
(1.10743,-0.172511)
(0.532052,0.0873061)
(-0.101775,-0.142112)
(-0.396442,0.0466678)
(-0.149333,-0.0416814)
(0.156804,0.0631737)
(0.167412,-0.345144)
(-0.0482242,0.624069)
(0.20697,-0.0999511)
(-0.32829,-0.198302)
(-0.161991,-0.209947)
(0.174881,0.0951948)
(0.214808,0.0491962)
(0.53744,0.495458)
(-1.49936,-0.849904)
(0.616841,0.556076)
(0.759792,0.229032)
(-0.583559,-0.412393)
(0.214039,-0.391811)
(-0.599646,0.136101)
(0.360018,0.334323)
(0.0349685,1.2443)
(0.39189,-1.65313)
(-0.401454,-0.403834)
(-0.015231,0.866394)
(-0.080594,-0.178266)
(0.0373992,0.450429)
(0.0118781,-0.142833)
(0.117504,0.289946)
(0.526156,-1.62274)
(-0.758793,0.987041)
(-0.251484,0.66941)
(0.546851,-0.437871)
(-0.238915,-0.00531532)
(0.490703,-0.249061)
(-0.487564,0.0615752)
(0.710502,-0.136536)
(-1.19963,0.527059)
(0.183099,-0.217235)
(0.73039,-0.188331)
(0.148261,-0.0111986)
(-0.303303,0.165537)
(-0.420224,0.127208)
(-0.381916,0.0518227)
(1.44749,-0.800439)
(-0.744889,0.451868)
(-0.559811,0.502483)
(0.64627,-0.280549)
(0.205806,0.140165)
(-0.282974,-0.515869)
(-0.14515,0.168136)
(-0.521345,-0.678874)
(1.08481,1.6173)
(-0.26604,-0.171941)
(-0.390358,-1.17313)
(0.353921,0.343956)
(-0.348054,-0.135899)
(0.239973,0.402438)
(-0.289263,-0.151073)
(0.413494,0.802705)
(-0.0299351,-0.67655)
(-0.229415,-0.842076)
(0.0870761,0.792422)
(-0.00311631,-0.17599)
(-0.0367705,0.510861)
(-0.128367,-0.209015)
(0.0581757,0.491741)
(0.418238,-1.55151)
(-0.0559212,0.358459)
(-0.370485,1.16286)
(-0.252076,-0.253603)
(0.252017,-0.32899)
(0.036889,-0.33636)
(0.461668,0.0834028)
(0.0173433,0.564297)
(-0.349113,-0.286518)
(-1.03883,-0.525941)
(1.11785,0.835186)
(-0.118515,-0.222751)
(0.468617,-0.0733503)
(-0.313909,-0.291848)
(0.285572,-0.0915153)
(-1.72953,0.47471)
(0.728767,0.33731)
(1.79725,-0.796851)
(-1.05356,0.324586)
(-0.27884,-0.12696)
(-0.330641,0.162167)
(0.076802,-0.00901294)
(0.705206,-0.235383)
(-0.224856,0.215529)
(-0.611559,0.656946)
(1.12286,-1.40031)
(-0.802593,0.778365)
(0.119955,-0.169625)
(-0.497839,0.401558)
(0.602169,-0.224785)
(0.236078,-0.102085)
(0.227251,-0.188566)
(-1.35453,0.328488)
(1.05291,-0.30524)
(-0.30302,0.486129)
(0.0966648,-0.277021)
(-0.117663,0.136346)
(0.332241,-0.656567)
(-0.3937,0.525499)
(0.047567,0.538574)
(0.269908,-0.767595)
(-0.118994,0.0516464)
(-0.234156,0.130425)
(0.0660135,0.0794103)
(-0.00926021,0.146707)
(0.544194,-0.1875)
(-0.0938287,-0.290522)
(-0.772926,0.32624)
(0.287037,-0.027515)
(-0.143641,0.230747)
(0.573957,-0.195122)
(-0.0175695,-0.327671)
(0.395437,0.100626)
(-1.05678,0.129566)
(-0.763913,0.758093)
(1.59829,-0.982116)
(-0.0606504,0.145344)
(0.244316,-0.146599)
(-0.823022,0.316318)
(0.117369,0.0164581)
(-0.876584,0.506677)
(0.716761,-0.518017)
(2.13386,-1.12841)
(-2.36692,1.50822)
(0.00999355,-0.194175)
(0.208158,-0.186956)
(0.401571,-0.108848)
(0.126528,0.105454)
(-0.189134,0.0398758)
(-0.532118,-0.623138)
(1.08156,0.726216)
(-0.688026,-0.0520835)
(-0.324391,0.193746)
(0.306048,-0.334171)
(0.101814,-0.306586)
(0.435189,0.0269867)
(-0.396657,0.0289838)
(-0.219763,1.24112)
(-0.219918,-1.02824)
(0.462121,-0.296669)
(0.218936,0.119155)
(-0.338836,0.167381)
(0.159442,0.197632)
(-0.299547,0.0381736)
(0.0185316,-0.163426)
(0.432993,-0.0299847)
(-0.360469,0.0187653)
(0.0784299,-0.225461)
(0.0582594,-0.0239112)
(-0.0581151,0.388749)
(-0.0270107,0.296732)
(0.16902,0.0817483)
(-0.169648,-1.80424)
(-0.131512,1.45001)
(0.245457,0.165494)
(-0.112162,-0.15764)
(0.329062,-0.309691)
(-0.381237,-0.133797)
(0.123906,0.612669)
(-0.663474,0.130725)
(1.23789,-1.86877)
(-0.667499,1.78652)
(0.0734905,0.254716)
(0.197845,-0.497752)
(-0.616276,-0.412195)
(0.383002,-0.17651)
(-0.135877,0.317545)
(0.879947,0.373756)
(-0.947383,-0.00585215)
(-0.0808058,-0.0517767)
(0.356359,-0.2852)
(0.0606082,-0.409552)
(-0.173246,0.326688)
(0.00193541,0.317908)
(0.279499,0.627827)
(-0.0865728,-0.940001)
(-0.488377,-0.383465)
(0.393153,0.463659)
(-0.191236,0.242294)
(0.496102,0.0768928)
(-0.386747,-0.318744)
(0.385536,0.344233)
(-1.01074,-0.857606)
(0.753258,0.785388)
(0.0187271,0.140081)
(0.0674824,-0.577782)
(0.0369383,0.0761016)
(-0.513839,0.265491)
(0.303623,0.208728)
(-0.0318226,0.09251)
(-0.247864,-1.60577)
(0.774821,1.34074)
(-0.324575,0.737748)
(-0.265833,-0.966814)
(-0.204239,-0.0226947)
(0.0363409,-0.270546)
(0.248536,0.404845)
(0.885697,-0.244761)
(-0.84542,1.32633)
(-0.680377,-1.36524)
(0.625446,-0.419105)
(-0.0963951,0.695914)
(0.448532,0.198535)
(-0.193805,-0.034406)
(0.243081,0.235485)
(-0.596078,-0.82303)
(-0.518561,-0.0473425)
(0.7445,0.812147)
(0.423891,-0.302201)
(0.367926,0.184808)
(-1.20957,-0.331801)
(0.267469,0.0679231)
(-0.978491,-0.355132)
(1.98979,0.649602)
(-0.0567619,-0.0464375)
(-1.39162,-0.333497)
(0.511624,0.111397)
(0.0935204,-0.0578249)
(-0.10676,0.116322)
(0.0479174,-0.0573587)
(-0.227103,-0.255369)
(1.06065,0.713147)
(-0.632836,-0.441031)
(-0.731744,-0.406881)
(0.188825,0.622945)
(0.45141,-0.275861)
(0.188108,-0.0449565)
(0.468349,0.216205)
(-0.883793,0.143271)
(-0.720349,-0.608235)
(0.954345,0.273211)
(0.1811,0.166711)
(0.132723,-0.00584449)
(-0.669194,-0.0625)
(0.358509,-0.0652858)
(0.244575,0.0669445)
(-0.953386,-0.252525)
(0.240525,0.266786)
(1.10953,0.189293)
(-0.448317,-0.199785)
(-0.110695,-0.176714)
(-0.760131,0.0595838)
(0.187226,0.0586444)
(0.566703,-0.0305077)
(0.669107,0.467053)
(-1.10119,-0.460284)
(0.173359,-0.293719)
(0.0135358,0.408432)
(0.0674985,-0.126826)
(-0.108133,0.023756)
(-0.0776266,0.556199)
(1.01295,-0.434591)
(-0.469947,-0.951381)
(-1.46169,1.13738)
(1.18388,-0.258447)
(0.191071,0.352321)
(-0.122432,-0.397971)
(0.183581,0.228116)
(-0.32381,-0.892839)
(-0.586209,0.372795)
(0.858721,1.37116)
(-0.304627,-1.11043)
(0.0721409,-0.198057)
(0.17709,-0.0429434)
(-0.203991,0.416616)
(0.33748,0.240638)
(-0.929759,-0.604309)
(-0.102443,0.0867189)
(1.8932,0.578915)
(-1.30417,-0.646221)
(0.265269,0.422109)
(-0.615018,-0.398744)
(0.36947,0.0298833)
(-0.202868,0.257807)
(0.932175,0.251966)
(-0.399398,-0.201876)
(-0.616249,-0.436904)
(0.298966,0.164637)
(0.177083,0.0532671)
(-0.483312,0.284474)
(0.599113,-0.0448309)
(0.235755,0.143717)
(-0.381897,-0.677075)
(-0.707983,0.117459)
(0.751081,0.298712)
(-0.129591,0.227275)
(0.382718,-0.117192)
(-0.574381,0.022345)
(0.357139,-0.612765)
(-0.317315,0.0393294)
(0.160187,1.44739)
(0.041715,-1.56421)
(-0.0833581,0.178591)
(0.14397,0.720263)
(-0.0105335,-0.0387216)
(-0.18343,-0.328177)
(0.0386408,-0.492075)
(0.257583,-0.390165)
(-0.356753,2.36734)
(-0.06618,-1.54527)
(0.552993,-0.108758)
(-0.0691245,-0.275345)
(-0.622071,0.346292)
(0.212576,-0.0139938)
(0.36474,0.635979)
(0.0156731,0.0669217)
(-0.646455,-1.3625)
(0.51783,0.489344)
(0.0589511,0.258227)
(0.0603176,0.289933)
(-0.5093,0.0446027)
(0.125798,-0.161491)
(0.0734156,-0.589544)
(0.559926,0.0602061)
(-0.429304,0.572893)
(-0.273051,0.0510125)
(0.209651,0.124153)
(-0.0233004,-0.581883)
(0.0572731,-0.398415)
(0.022483,0.657534)
(0.112139,0.834841)
(-0.0517401,-1.51304)
(-0.281584,0.509809)
(0.141234,0.403062)
(0.0803824,-0.141196)
(-0.324916,-0.254468)
(0.639669,-0.316383)
(0.203101,0.380345)
(-1.09279,0.876323)
(0.204074,-1.09204)
(0.438478,0.0540381)
(0.0285811,0.0817138)
(0.291041,0.0111634)
(-0.500229,0.263074)
(-0.0256791,0.132986)
(-0.926712,0.138359)
(2.22391,-1.24796)
(-0.955201,0.710706)
(-0.885916,0.312567)
(0.497174,0.129718)
(0.234869,-0.250873)
(0.363325,-0.311888)
(-0.150606,0.533041)
(-1.09649,-1.00763)
(0.654651,0.817752)
(0.523492,0.405286)
(-0.233049,-0.420589)
(0.312061,-0.138152)
(-1.02478,-0.264896)
(0.517562,0.0995801)
(-0.737792,0.132443)
(2.04356,0.879729)
(-1.11797,-0.915674)
(-0.604916,-0.159824)
(0.203188,0.0615112)
(0.361051,0.184308)
(-0.0778458,0.237886)
(0.210936,0.00868988)
(-0.236253,-0.05984)
(0.0298573,-0.641694)
(-0.147198,0.302929)
(-0.0808058,0.4375)
(0.467854,0.119504)
(-0.202749,-0.372871)
(-0.119177,-0.522838)
(-0.342383,0.262757)
(1.10255,1.04648)
(-0.746187,-0.73065)
(-0.512385,-0.577198)
(0.697495,0.639403)
(0.0135369,-0.211267)
(-0.164514,0.327493)
(0.0613305,-0.472488)
(0.281718,0.682699)
(-0.780417,-0.583803)
(0.245823,-0.240366)
(0.248815,0.369432)
(0.417831,0.313219)
(-0.377559,-0.254513)
(-0.273797,0.0373281)
(-0.474349,-0.425956)
(1.5012,0.56311)
(-0.863677,-0.445592)
(-0.559993,0.184826)
(0.595104,0.260467)
(0.613239,0.0632966)
(-0.461785,-0.467616)
(-0.357439,-0.218278)
(-0.919762,0.283201)
(1.71323,0.712401)
(0.13851,-0.58965)
(-1.04683,-0.216134)
(0.446954,0.0218256)
(-0.450733,0.289215)
(-0.0542639,0.0154903)
(0.146223,0.178201)
(1.42884,-1.03041)
(-1.16802,0.905697)
(-0.927529,0.517244)
(0.927571,-1.06047)
(0.0380966,0.226641)
(0.256778,-0.118513)
(-0.490265,0.579296)
(0.180301,-0.193283)
(0.0492381,0.0623109)
(-0.108005,-0.498329)
(-0.103059,0.15515)
(0.0304799,0.0719658)
(0.368809,0.506567)
(-0.224317,-0.302304)
(-0.0303791,-0.0611752)
(-0.280813,-0.969633)
(0.495822,1.14153)
(-0.0781186,0.860702)
(-0.417116,-1.7227)
(0.208004,0.478329)
(0.151417,-0.14286)
(-0.0521637,0.694183)
(0.506068,-0.318949)
(-0.733964,0.061299)
(-0.825647,-0.311084)
(1.65697,0.111897)
(-0.617547,-0.277005)
(0.488617,0.654442)
(-0.642226,-0.23253)
(0.0441942,0.301777)
(-0.863297,-0.893489)
(1.30261,0.412152)
(0.681941,0.248235)
(-1.35334,-0.219615)
(-0.00405176,0.0441233)
(0.289979,0.343856)
(-0.0434674,-0.317501)
(-0.0256091,0.0936503)
(0.39668,-0.792216)
(0.315559,0.406884)
(-1.37241,1.36817)
(0.699685,-1.06712)
(0.155332,-0.196535)
(0.236394,-0.219893)
(-0.537712,0.277759)
(0.129032,0.360268)
(0.190395,-0.079428)
(0.171629,-0.233534)
(-0.681064,0.414587)
(0.473913,-0.453022)
(-0.116565,-0.19363)
(0.275861,-0.0121889)
(-0.458815,0.255592)
(0.369673,0.919464)
(0.0599083,-0.0607057)
(-0.415183,-2.3834)
(0.0232237,1.62301)
(0.136777,0.0548969)
(0.323029,0.426033)
(-0.137733,-0.448486)
(0.0295483,-0.0147061)
(-0.366993,-0.31203)
(-0.61868,-0.0296878)
(1.56146,0.432915)
(-0.631829,-0.0342331)
(0.148217,0.0184664)
(-0.590254,-0.0441151)
(0.184511,-0.0804151)
(-0.11849,-0.206577)
(0.599461,-0.0693108)
(0.117514,0.655053)
(-0.57129,-0.38611)
(-0.370375,0.013403)
(0.47498,-0.0118033)
(0.210665,0.0325902)
(0.342548,-0.112961)
(-0.752978,0.0782901)
(-0.792405,0.0237706)
(1.96656,-0.205853)
(-0.762278,0.347697)
(-0.550129,0.145359)
(0.321651,-0.213046)
(-0.149082,-0.312006)
(0.412942,-0.427344)
(-0.0963589,0.359374)
(-0.143572,1.91184)
(-0.100892,-1.86218)
(0.076851,-0.285205)
(0.0117406,0.144428)
(0.115896,0.345969)
(-0.165113,0.332945)
(0.223943,0.0147135)
(-0.0438677,-0.203789)
(-0.367417,0.0625)
(-0.0779783,-0.065274)
(0.0495313,-0.0524848)
(0.000751894,0.0786647)
(0.44435,0.0214717)
(-0.0407309,0.00551658)
(0.00176554,-0.00306056)
(-1.81599,-0.138907)
(1.93175,0.0702427)
(0.0936498,0.148792)
(-0.293386,-0.0780832)
(0.00616898,-0.0606903)
(-0.530597,-0.0687634)
(-0.226486,0.034425)
(-0.304114,0.188457)
(2.40212,-0.0264902)
(-1.16601,-0.171818)
(-0.958102,0.0155015)
(0.230362,-0.0212256)
(-0.0128154,0.0947237)
(0.455135,0.0652387)
(0.148232,0.0402153)
(0.491853,-0.353595)
(-1.19358,0.398444)
(0.138029,-0.199969)
(0.0690855,-0.097605)
(0.259099,0.0374934)
(0.224122,0.232576)
(0.0125542,-0.00607405)
(0.233855,0.265131)
(-1.49104,-1.13903)
(0.726926,0.5414)
(0.865586,0.584577)
(-0.439625,-0.176963)
(-0.0241739,-0.0974199)
(-0.648299,-0.292567)
(0.225433,-0.0780245)
(1.36476,0.202088)
(-1.43448,0.161703)
(-0.389744,0.014949)
(1.17358,0.0558898)
(-0.30594,-0.069268)
(0.214702,-0.367509)
(-0.687211,-0.0469509)
(0.481752,-0.127291)
(-0.484545,1.49374)
(0.36479,-0.788547)
(0.215948,-0.933689)
(0.0954738,0.542779)
(-0.503054,-0.0702406)
(0.150574,0.460156)
(-0.365451,-0.282892)
(0.650455,0.702466)
(-0.23697,-1.16966)
(0.155736,-0.0648857)
(-0.224938,0.82531)
(0.220257,-0.17866)
(-0.386173,0.139844)
(0.0877029,-0.354616)
(-0.48048,0.105679)
(1.82271,-0.336135)
(-1.08512,0.556217)
(-0.806111,-0.00280694)
(0.392003,-0.264785)
(0.595971,-0.176777)
(-0.153582,0.144949)
(0.00642309,0.174275)
(-0.793785,0.668831)
(1.40973,-1.3186)
(-0.816189,-0.054464)
(-0.566118,1.05795)
(0.51622,-0.390843)
(0.379586,0.33651)
(0.133253,-0.474205)
(-0.299488,-0.00802845)
(-0.754395,-0.686584)
(0.503733,1.15694)
(0.374497,0.154621)
(-0.281325,-0.511068)
(0.374287,-0.180177)
(-0.220825,-0.025033)
(-0.319422,0.031569)
(-0.674353,-0.0277419)
(1.40136,0.65462)
(0.333205,-0.0356193)
(-1.45587,-0.940665)
(0.477337,0.423145)
(-0.0141952,-0.109644)
(0.345518,0.36816)
(-0.348318,-0.215473)
(0.503379,0.564415)
(-0.341116,-0.747257)
(-0.582483,-0.237742)
(0.684647,0.482217)
(0.15028,0.310514)
(-0.247568,-0.19515)
(-0.0363116,-0.167132)
(-0.391013,-0.785406)
(0.674872,1.353)
(-0.02326,0.438641)
(-0.665339,-2.20183)
(0.392641,1.33654)
(0.229166,-0.232244)
(0.0199737,0.676161)
(-0.324752,-0.656194)
(-0.388913,0.277345)
(0.450049,-0.556078)
(0.553211,0.0959612)
(-0.365444,0.440218)
(-0.418267,0.226856)
(0.168552,-0.317047)
(-0.108108,-0.183924)
(0.20159,-0.296382)
(0.194123,0.604694)
(0.464749,-0.00448066)
(-1.26013,-0.351017)
(0.520748,0.113707)
(-0.204185,0.246897)
(0.478921,-0.0871832)
(-0.0265445,-0.0745662)
(0.427027,-0.638991)
(-0.898755,0.41084)
(-0.549147,1.21326)
(1.21899,-1.18643)
(-0.187085,-0.0957537)
(0.0404387,0.0228119)
(-0.127912,0.338823)
(-0.307568,0.0899764)
(-0.367417,0.0625)
(-0.0779783,-0.065274)
(0.0495313,-0.0524848)
(0.000751894,0.0786647)
(0.44435,0.0214717)
(-0.0407309,0.00551658)
(0.00176554,-0.00306056)
(-1.81599,-0.138907)
(1.93175,0.0702427)
(0.0936498,0.148792)
(-0.293386,-0.0780832)
(0.00616898,-0.0606903)
(-0.530597,-0.0687634)
(-0.226486,0.034425)
(-0.304114,0.188457)
(2.40212,-0.0264902)
(-1.16601,-0.171818)
(-0.958102,0.0155015)
(0.230362,-0.0212256)
(-0.0128154,0.0947237)
(0.455135,0.0652387)
(0.148232,0.0402153)
(0.491853,-0.353595)
(-1.19358,0.398444)
(0.138029,-0.199969)
(0.0690855,-0.097605)
(0.259099,0.0374934)
(0.224122,0.232576)
(0.0125542,-0.00607405)
(0.233855,0.265131)
(-1.49104,-1.13903)
(0.726926,0.5414)
(0.865586,0.584577)
(-0.439625,-0.176963)
(-0.0241739,-0.0974199)
(-0.648299,-0.292567)
(0.225433,-0.0780245)
(1.36476,0.202088)
(-1.43448,0.161703)
(-0.389744,0.014949)
(1.17358,0.0558898)
(-0.30594,-0.069268)
(0.214702,-0.367509)
(-0.687211,-0.0469509)
(0.481752,-0.127291)
(-0.484545,1.49374)
(0.36479,-0.788547)
(0.215948,-0.933689)
(0.0954738,0.542779)
(-0.503054,-0.0702406)
(0.150574,0.460156)
(-0.365451,-0.282892)
(0.650455,0.702466)
(-0.23697,-1.16966)
(0.155736,-0.0648857)
(-0.224938,0.82531)
(0.220257,-0.17866)
(-0.386173,0.139844)
(0.0877029,-0.354616)
(-0.48048,0.105679)
(1.82271,-0.336135)
(-1.08512,0.556217)
(-0.806111,-0.00280694)
(0.392003,-0.264785)
(0.595971,-0.176777)
(-0.153582,0.144949)
(0.00642309,0.174275)
(-0.793785,0.668831)
(1.40973,-1.3186)
(-0.816189,-0.054464)
(-0.566118,1.05795)
(0.51622,-0.390843)
(0.379586,0.33651)
(0.133253,-0.474205)
(-0.299488,-0.00802845)
(-0.754395,-0.686584)
(0.503733,1.15694)
(0.374497,0.154621)
(-0.281325,-0.511068)
(0.374287,-0.180177)
(-0.220825,-0.025033)
(-0.319422,0.031569)
(-0.674353,-0.0277419)
(1.40136,0.65462)
(0.333205,-0.0356193)
(-1.45587,-0.940665)
(0.477337,0.423145)
(-0.0141952,-0.109644)
(0.345518,0.36816)
(-0.348318,-0.215473)
(0.503379,0.564415)
(-0.341116,-0.747257)
(-0.582483,-0.237742)
(0.684647,0.482217)
(0.15028,0.310514)
(-0.247568,-0.19515)
(-0.0363116,-0.167132)
(-0.391013,-0.785406)
(0.674872,1.353)
(-0.02326,0.438641)
(-0.665339,-2.20183)
(0.392641,1.33654)
(0.229166,-0.232244)
(0.0199737,0.676161)
(-0.324752,-0.656194)
(-0.388913,0.277345)
(0.450049,-0.556078)
(0.553211,0.0959612)
(-0.365444,0.440218)
(-0.418267,0.226856)
(0.168552,-0.317047)
(-0.108108,-0.183924)
(0.20159,-0.296382)
(0.194123,0.604694)
(0.464749,-0.00448066)
(-1.26013,-0.351017)
(0.520748,0.113707)
(-0.204185,0.246897)
(0.478921,-0.0871832)
(-0.0265445,-0.0745662)
(0.427027,-0.638991)
(-0.898755,0.41084)
(-0.549147,1.21326)
(1.21899,-1.18643)
(-0.187085,-0.0957537)
(0.0404387,0.0228119)
(-0.127912,0.338823)
(-0.307568,0.0899764)
(0.0441942,-0.4375)
(0.0801563,0.251188)
(0.0873042,0.741005)
(0.404189,-1.2283)
(-0.36197,0.108232)
(-0.0169932,0.274265)
(-0.284559,0.381389)
(-0.178521,0.179813)
(0.543907,-0.447326)
(1.09073,-0.676043)
(-1.98956,0.993844)
(0.620191,-0.637699)
(0.201878,0.407945)
(0.140563,0.173023)
(-0.0214594,0.0718534)
(-0.462455,-0.647157)
(0.211576,-0.45922)
(1.00558,1.3006)
(-1.50813,-0.29554)
(0.280589,-0.313405)
(0.365277,-0.055972)
(0.377939,0.167938)
(-0.259639,-0.070351)
(-0.273712,-0.108231)
(-0.182308,0.287977)
(0.212203,-0.152788)
(0.287305,-0.0340508)
(-0.160422,0.098266)
(0.243415,0.0121508)
(-0.34381,-0.209005)
(-0.293114,-0.0417509)
(-0.12579,0.170062)
(1.52937,0.454527)
(-1.2832,-0.499688)
(0.0894031,-0.237923)
(0.0739215,0.127299)
(-0.0226936,0.325777)
(0.146493,0.0113144)
(0.015753,0.00965833)
(0.431876,-0.444159)
(-1.08874,-0.266278)
(0.412503,1.03693)
(0.414266,-0.279737)
(0.122103,-0.310188)
(-0.419643,-0.085197)
(-0.427704,-0.0691113)
(0.146967,0.0814155)
(1.77251,0.714057)
(-2.19326,-0.413017)
(0.48681,-0.365685)
(0.19099,-0.0296047)
(0.40472,0.0503404)
(-0.128963,0.218973)
(-0.144065,0.326781)
(-0.206548,0.377319)
(-0.361326,-1.65043)
(0.74995,0.769069)
(0.15148,0.151341)
(-0.194408,0.108774)
(-0.475798,0.258465)
(0.0991532,-0.185437)
(-0.0553295,-0.212146)
(0.643416,-0.667137)
(-0.144617,0.426392)
(-0.419194,0.890165)
(-0.00713608,-0.286615)
(0.172404,-0.232856)
(0.0123394,-0.325904)
(0.0311962,-0.220064)
(0.0851763,-0.380065)
(-0.297625,2.40567)
(0.207035,-1.43227)
(0.248157,-0.841935)
(-0.591763,0.520033)
(0.214122,0.251414)
(0.020901,0.107639)
(0.298993,-0.140259)
(0.283411,-0.4498)
(-1.00745,1.00778)
(0.14334,-0.39546)
(0.614083,-0.877836)
(-0.231735,0.465945)
(0.122509,0.375785)
(-0.0663021,0.285035)
(0.0525097,-0.233053)
(-1.01088,-0.552506)
(1.31396,-0.17742)
(-0.113447,0.776668)
(-0.435272,-0.159983)
(0.062691,-0.0172512)
(-0.0793531,0.0541126)
(0.0682016,-0.190744)
(0.294869,-0.31386)
(-0.343027,0.336217)
(-0.0330479,0.210888)
(0.414201,-0.0795146)
(-0.403321,0.00328738)
(0.131444,-0.191088)
(-0.0594709,-0.141014)
(-0.00321386,-0.0784451)
(0.276388,0.996158)
(-0.328951,-0.753789)
(-0.00262585,-0.41181)
(0.270775,0.569384)
(-0.0786466,0.154414)
(-0.234526,-0.0290675)
(0.181208,-0.499828)
(-0.240034,-0.683481)
(0.431143,1.9793)
(0.117142,-0.353344)
(-0.628688,-1.65259)
(0.0940351,1.18477)
(0.288575,-0.741603)
(-0.00792084,1.16133)
(-0.0252698,-0.874166)
(-0.0558423,1.16268)
(0.0807268,-1.59541)
(-0.232736,0.0253443)
(0.130092,0.975058)
(-0.0960184,0.181899)
(0.281493,-0.332449)
(0.0220213,-0.38231)
(-0.130491,-0.333786)
(-0.328238,0.79295)
(0.0522191,0.0854364)
(0.445687,-0.408928)
(-0.113467,-0.0312499)
(0.0734854,0.0532824)
(-0.419194,0.1875)
(0.315507,-0.153317)
(-0.455231,0.210574)
(0.521238,-0.487023)
(0.318074,-0.0578571)
(-0.654405,1.02784)
(-0.0188744,-0.453486)
(0.270318,-0.486301)
(-0.087164,-0.078941)
(0.0673702,-0.0237816)
(-0.0205386,0.9533)
(0.1185,0.260608)
(-0.23887,-1.82639)
(0.0572897,1.20234)
(-0.0994936,-0.709404)
(0.22802,0.926023)
(0.0847025,-0.642675)
(-0.116178,1.31871)
(-0.190979,-1.937)
(-0.0341622,-0.0925239)
(0.264932,1.95314)
(-0.0476039,-0.886823)
(0.103945,-0.348286)
(-0.289465,0.00676257)
(0.320703,-0.0569754)
(-0.527896,0.914324)
(0.218185,-0.558326)
(0.688507,-0.977699)
(-0.708257,1.24771)
(0.038913,-0.205593)
(0.106276,-0.130167)
(-0.052618,0.0534393)
(-0.130751,-0.136354)
(0.478005,-0.415276)
(0.143651,0.488911)
(-1.03582,0.494535)
(0.492968,-0.515982)
(0.157471,-0.084224)
(0.261462,-0.165719)
(-0.102768,0.162815)
(-0.579389,0.061438)
(0.00118245,0.261716)
(0.907141,0.0759934)
(-0.614707,-0.401239)
(0.141548,-0.45541)
(-0.158383,0.452575)
(-0.0806724,0.36188)
(0.159288,0.218733)
(0.238817,-0.605703)
(0.124194,-0.556321)
(-0.881322,1.01431)
(0.460906,-0.245928)
(0.10462,-0.191173)
(0.35305,-0.0267073)
(-0.46769,0.352391)
(-0.0351423,0.08013)
(0.00118568,-0.779753)
(0.171432,-0.0372746)
(-0.0647774,1.1041)
(0.175571,-0.366773)
(-0.206098,-0.272796)
(-0.0301779,-0.185829)
(-0.043946,-0.0880132)
(0.302107,0.480192)
(0.117417,0.176777)
(-1.21252,-0.599942)
(1.32214,0.425574)
(-0.0343266,-0.218722)
(-0.167534,-0.0374212)
(-0.742534,0.035957)
(0.205237,-0.226)
(0.179994,0.502747)
(1.2553,0.649465)
(-1.394,-1.65402)
(0.0728245,0.566219)
(-0.112652,0.12328)
(0.390368,0.207874)
(-0.168163,0.266157)
(0.507016,-0.0338457)
(0.281998,-0.721273)
(-1.80758,-0.354432)
(1.05158,1.03527)
(0.392497,-0.0804828)
(-0.122124,-0.0540684)
(-0.251223,-0.0562125)
(-0.0818955,-0.148286)
(0.0882326,-0.148037)
(0.49274,-1.04739)
(-1.12176,2.39735)
(0.766127,-0.533426)
(0.112722,-0.925794)
(0.0427142,-0.207442)
(-0.453705,0.238263)
(0.250927,0.213375)
(-0.310806,0.45262)
(0.273836,-0.0320509)
(0.15503,-0.561422)
(-0.0995282,0.0726716)
(-0.0718616,-0.190933)
(0.160431,0.0631758)
(-0.372026,0.467406)
(0.0208373,0.28592)
(-0.0976362,-0.0628034)
(1.12765,-1.56374)
(-0.773507,1.01359)
(-0.390543,0.452118)
(0.0177333,-0.177904)
(0.24564,-0.0347301)
(0.36373,-0.372598)
(0.139926,0.256008)
(-0.908022,-0.203834)
(0.385022,0.225988)
(0.406262,0.0712465)
(-0.475605,-0.0714344)
(-0.0181411,-0.151117)
(-0.0325783,0.198249)
(0.681435,-0.307059)
(0.276295,0.584399)
(-1.86287,-0.658401)
(0.835948,0.0754736)
(0.694764,0.490364)
(-0.228176,-0.0922144)
(0.140811,-0.363749)
(-0.607218,0.123637)
(0.0218767,-0.0762273)
(0.0294479,0.584522)
(0.52734,-1.05015)
(-0.175008,0.615746)
(-0.0808058,0.4375)
(0.0910075,-0.278306)
(-0.390351,-0.356471)
(0.068615,-0.321618)
(-0.387993,0.0544993)
(1.77088,1.42371)
(-1.12266,-0.632905)
(-0.627518,-0.837468)
(0.393834,0.264682)
(0.0354054,0.00118189)
(0.211493,0.530712)
(0.269888,-0.314896)
(0.0866027,0.133549)
(-1.0279,0.122691)
(0.274656,-0.394438)
(0.337958,-0.287622)
(0.0465088,0.377266)
(0.378997,0.0604638)
(-0.439673,0.560732)
(0.228971,-0.294775)
(-1.37482,-0.569653)
(1.07522,-0.489786)
(1.01903,1.04516)
(-0.962418,-0.11478)
(0.0790649,0.414406)
(-0.640906,-0.615202)
(0.43985,-0.00362744)
(0.176298,-1.08956)
(0.352447,1.9308)
(-0.630199,-0.154009)
(0.56668,-1.1271)
(-0.464371,0.258488)
(-0.0874237,0.34725)
(-0.280092,0.242944)
(0.56643,-0.174945)
(0.962463,-1.06682)
(-1.02132,0.988392)
(-1.03829,0.646966)
(1.19974,-0.851095)
(-0.318111,0.0601267)
(0.71905,-0.31299)
(-0.774452,0.402294)
(0.455151,0.0327484)
(-0.685243,0.0284292)
(0.377869,-0.137517)
(0.0557791,0.27607)
(0.139862,-0.156607)
(-0.0577793,-0.458625)
(-0.0855789,0.0794951)
(-0.216292,0.0247619)
(0.281968,1.43215)
(0.0162618,-0.704859)
(-0.279654,-1.77638)
(0.182428,1.40579)
(0.250565,-0.295437)
(-0.296422,0.730422)
(-0.0134846,-0.29206)
(-0.0698838,0.285862)
(0.476239,-1.46509)
(-0.683052,0.38058)
(0.314389,1.39556)
(0.0721892,-0.745991)
(0.304344,0.0564448)
(-0.324039,-0.420536)
(-0.117417,0.359835)
(-0.691709,-0.338992)
(1.04081,0.337986)
(0.634209,0.208247)
(-1.09821,-0.362054)
(-0.242376,0.0242313)
(0.445087,0.00608096)
(-0.0793522,0.116056)
(0.516601,0.0473012)
(-0.778053,-0.313928)
(0.267956,-0.0147582)
(0.736725,0.711129)
(-0.899751,-0.613972)
(-0.0961639,0.108111)
(0.0247168,-0.142063)
(0.401433,0.287781)
(0.591094,-0.346252)
(-0.232265,0.201033)
(-1.42795,0.452167)
(0.904569,-0.541072)
(-0.090923,-0.108024)
(0.56987,0.110843)
(-0.0365815,0.0730952)
(-0.0281049,0.16522)
(-1.20464,0.0703523)
(0.112108,-0.146191)
(2.21386,-0.545369)
(-1.71686,0.566678)
(-0.11185,0.0303316)
(0.28461,0.0201123)
(0.250409,-0.188815)
(0.254591,-0.000553955)
(-0.53862,-0.0247339)
(-0.824384,0.0350007)
(1.54363,0.225197)
(-0.477898,-0.135083)
(0.191836,-0.1701)
(-0.525798,-0.0147075)
(0.032831,0.137992)
(-0.137303,0.258503)
(0.477529,-0.0498652)
(-0.0025841,-0.786826)
(0.0798056,0.718348)
(-0.199524,-0.0910609)
(-0.116207,0.0873567)
(-0.294334,-0.171332)
(-0.0607005,0.0767491)
(0.592155,-0.118505)
(1.40167,-0.136815)
(-2.49224,0.321463)
(0.636656,0.0678019)
(-0.101858,-0.138871)
(0.737854,-0.124964)
(-0.335455,-0.0320329)
(0.585631,0.0787457)
(-0.33119,0.184298)
(-1.59343,-0.158841)
(1.57898,0.0522827)
(0.223973,-0.05261)
(-0.325307,-0.0320281)
(-0.257049,-0.00201495)
(-0.22507,0.0974491)
(0.436071,-0.024395)
(0.187938,-0.0388416)
(-0.367417,0.3125)
(0.223378,-0.130976)
(-0.129023,-0.344557)
(-0.598362,0.274979)
(0.388313,0.453793)
(0.586904,-0.244497)
(0.367775,-0.827137)
(-0.916972,1.10619)
(-0.509741,-1.01154)
(0.334564,0.907199)
(0.82112,0.141388)
(-0.0511813,-0.744585)
(-0.725175,-0.192849)
(-0.136939,0.356364)
(1.3929,0.497521)
(-1.90462,-0.0622923)
(1.10328,-0.615172)
(0.0963324,-0.139442)
(-0.267717,0.463164)
(-0.182417,0.277314)
(0.256777,-0.0791525)
(0.108311,-0.560832)
(0.116298,0.0335087)
(-1.05826,0.239862)
(0.657791,0.470603)
(0.615687,-0.197402)
(-0.176187,-0.570902)
(-0.473249,-0.103996)
(-0.262432,0.558254)
(0.720695,0.590281)
(-0.950554,-1.1143)
(0.799902,0.199535)
(0.623522,0.508666)
(-0.82432,-0.533389)
(-0.135788,0.242539)
(-0.592313,0.0016377)
(0.703203,0.455519)
(0.656278,-1.29967)
(0.065082,1.36722)
(-1.02961,-0.485823)
(-0.250578,-0.250802)
(0.544545,0.161321)
(0.49655,0.0109821)
(-0.265566,-0.0363083)
(-0.393843,0.722424)
(0.398041,-1.34113)
(-0.243192,0.795145)
(0.0872861,0.159608)
(-0.0334212,-0.753371)
(-0.23505,0.574282)
(0.485461,0.220609)
(0.137593,-0.0389921)
(-0.718911,-0.479084)
(0.542352,-0.362753)
(-0.269786,0.323999)
(-0.381834,1.05716)
(0.915723,-0.573158)
(-0.219851,-0.371529)
(-0.21426,-0.412385)
(-0.759027,0.478362)
(1.50938,0.0410748)
(-0.792069,0.492229)
(-0.513046,-0.358586)
(0.595641,-0.0180977)
(0.320083,-0.5625)
(-0.192145,0.198011)
(-0.440925,0.139818)
(0.354809,1.22214)
(-0.466853,-1.29572)
(0.0599025,-0.329012)
(1.18256,0.448643)
(-0.824382,0.196695)
(-0.221469,0.212222)
(-0.14777,-0.269475)
(0.167418,-0.558085)
(0.29648,0.659251)
(0.149848,0.0989689)
(-0.537883,-0.299803)
(0.991344,0.112864)
(-1.28722,-0.422901)
(0.140219,0.24858)
(-0.0383913,0.582927)
(1.46046,-0.733216)
(-0.774292,0.681231)
(-0.389383,-0.341105)
(-0.305888,-1.25137)
(0.00263927,1.7243)
(0.737105,-0.262192)
(0.190416,-0.00462972)
(-0.380993,-0.679034)
(-0.182185,0.538058)
(-0.187292,-0.386012)
(-0.031674,-0.0523476)
(0.262277,0.405356)
(0.624533,0.447062)
(-0.444723,-0.318795)
(-0.0508228,-0.61162)
(-1.00384,-0.0974086)
(1.04178,0.119799)
(0.483301,0.804468)
(-0.887531,0.442152)
(0.589454,-1.21645)
(-0.597656,-0.161941)
(0.127374,0.0953225)
(0.180787,0.72348)
(0.237397,-0.325585)
(-0.226735,0.286627)
(-0.404184,-0.0308616)
(0.817016,-0.613424)
(-0.707555,-0.144015)
(0.284647,0.435173)
(-0.292564,0.509249)
(0.90634,0.0135312)
(-0.862535,-0.825448)
(-0.131629,-0.112702)
(0.456818,0.654224)
(0.118974,0.0127357)
(0.0469305,-0.0715305)
(-0.619334,-0.430352)
(-0.162477,0.273988)
(1.19467,0.0632639)
(-0.42226,0.145793)
(-0.978847,0.459554)
(1.34112,-1.87524)
(-1.13313,1.30755)
(0.552416,0.271237)
(0.130139,0.200852)
(0.396447,-0.717643)
(-0.367417,0.3125)
(0.223378,-0.130976)
(-0.129023,-0.344557)
(-0.598362,0.274979)
(0.388313,0.453793)
(0.586904,-0.244497)
(0.367775,-0.827137)
(-0.916972,1.10619)
(-0.509741,-1.01154)
(0.334564,0.907199)
(0.82112,0.141388)
(-0.0511813,-0.744585)
(-0.725175,-0.192849)
(-0.136939,0.356364)
(1.3929,0.497521)
(-1.90462,-0.0622923)
(1.10328,-0.615172)
(0.0963324,-0.139442)
(-0.267717,0.463164)
(-0.182417,0.277314)
(0.256777,-0.0791525)
(0.108311,-0.560832)
(0.116298,0.0335087)
(-1.05826,0.239862)
(0.657791,0.470603)
(0.615687,-0.197402)
(-0.176187,-0.570902)
(-0.473249,-0.103996)
(-0.262432,0.558254)
(0.720695,0.590281)
(-0.950554,-1.1143)
(0.799902,0.199535)
(0.623522,0.508666)
(-0.82432,-0.533389)
(-0.135788,0.242539)
(-0.592313,0.0016377)
(0.703203,0.455519)
(0.656278,-1.29967)
(0.065082,1.36722)
(-1.02961,-0.485823)
(-0.250578,-0.250802)
(0.544545,0.161321)
(0.49655,0.0109821)
(-0.265566,-0.0363083)
(-0.393843,0.722424)
(0.398041,-1.34113)
(-0.243192,0.795145)
(0.0872861,0.159608)
(-0.0334212,-0.753371)
(-0.23505,0.574282)
(0.485461,0.220609)
(0.137593,-0.0389921)
(-0.718911,-0.479084)
(0.542352,-0.362753)
(-0.269786,0.323999)
(-0.381834,1.05716)
(0.915723,-0.573158)
(-0.219851,-0.371529)
(-0.21426,-0.412385)
(-0.759027,0.478362)
(1.50938,0.0410748)
(-0.792069,0.492229)
(-0.513046,-0.358586)
(0.595641,-0.0180977)
(0.320083,-0.5625)
(-0.192145,0.198011)
(-0.440925,0.139818)
(0.354809,1.22214)
(-0.466853,-1.29572)
(0.0599025,-0.329012)
(1.18256,0.448643)
(-0.824382,0.196695)
(-0.221469,0.212222)
(-0.14777,-0.269475)
(0.167418,-0.558085)
(0.29648,0.659251)
(0.149848,0.0989689)
(-0.537883,-0.299803)
(0.991344,0.112864)
(-1.28722,-0.422901)
(0.140219,0.24858)
(-0.0383913,0.582927)
(1.46046,-0.733216)
(-0.774292,0.681231)
(-0.389383,-0.341105)
(-0.305888,-1.25137)
(0.00263927,1.7243)
(0.737105,-0.262192)
(0.190416,-0.00462972)
(-0.380993,-0.679034)
(-0.182185,0.538058)
(-0.187292,-0.386012)
(-0.031674,-0.0523476)
(0.262277,0.405356)
(0.624533,0.447062)
(-0.444723,-0.318795)
(-0.0508228,-0.61162)
(-1.00384,-0.0974086)
(1.04178,0.119799)
(0.483301,0.804468)
(-0.887531,0.442152)
(0.589454,-1.21645)
(-0.597656,-0.161941)
(0.127374,0.0953225)
(0.180787,0.72348)
(0.237397,-0.325585)
(-0.226735,0.286627)
(-0.404184,-0.0308616)
(0.817016,-0.613424)
(-0.707555,-0.144015)
(0.284647,0.435173)
(-0.292564,0.509249)
(0.90634,0.0135312)
(-0.862535,-0.825448)
(-0.131629,-0.112702)
(0.456818,0.654224)
(0.118974,0.0127357)
(0.0469305,-0.0715305)
(-0.619334,-0.430352)
(-0.162477,0.273988)
(1.19467,0.0632639)
(-0.42226,0.145793)
(-0.978847,0.459554)
(1.34112,-1.87524)
(-1.13313,1.30755)
(0.552416,0.271237)
(0.130139,0.200852)
(0.396447,-0.717643)
(-1.20581,-0.0625)
(0.251401,-0.132004)
(1.02107,0.290644)
(-0.624908,0.528928)
(-0.111925,-0.0879937)
(0.121323,-0.623483)
(-0.268476,-0.00481979)
(0.426693,0.204987)
(0.0490465,0.185989)
(-0.438372,-0.220646)
(0.104326,0.218724)
(0.153821,0.0152533)
(0.304161,0.112144)
(-0.442278,-0.651549)
(-0.297401,-0.0275398)
(0.385675,0.602132)
(0.375068,0.138657)
(-0.389264,0.13029)
(0.251579,-0.727185)
(-0.662129,-0.152752)
(0.200657,0.38865)
(0.38873,0.104994)
(0.317368,0.251053)
(-0.607745,-0.158562)
(-0.0104347,-0.114509)
(0.237352,-0.394751)
(-0.374729,0.0553789)
(-0.0403276,0.460153)
(0.889803,0.302569)
(0.00423249,-0.514498)
(-0.896452,-0.0567674)
(-0.580665,0.191684)
(1.34859,-0.958999)
(-0.589968,1.93589)
(0.772396,-1.12316)
(-0.517252,-0.388988)
(-0.626085,0.470676)
(0.435777,0.239793)
(0.25482,0.0282712)
(-0.873679,-0.677683)
(1.76503,-0.12182)
(-0.992672,1.06961)
(-0.31823,-0.233989)
(-0.158292,-0.458706)
(0.0875691,-0.115333)
(0.716917,0.182902)
(-0.1478,-0.161542)
(0.319566,0.946587)
(-1.34458,-1.02508)
(0.49707,0.315379)
(0.368378,0.0362323)
(0.243895,-0.281603)
(-0.382993,0.266308)
(0.157079,0.212007)
(-0.0313621,-0.114077)
(-0.132467,-0.511878)
(-0.724085,0.449957)
(1.06724,0.252842)
(0.46619,-0.397245)
(-0.770896,-0.262838)
(-0.561958,0.212004)
(0.568108,0.999839)
(-0.138063,-1.28509)
(0.731729,0.165473)
(-0.710248,0.3125)
(-0.255612,0.108245)
(0.57955,-0.152985)
(0.0826128,-0.245709)
(-0.282805,0.312934)
(-0.651146,0.6915)
(0.693852,-1.93359)
(0.514426,1.36772)
(-0.264342,0.232394)
(-0.592009,-0.583058)
(-0.186833,0.253732)
(0.367021,-0.193286)
(0.307034,0.0979563)
(0.815011,-0.625801)
(-1.41845,1.2839)
(-0.35245,-0.514107)
(0.830915,-0.374893)
(0.35113,0.12477)
(-0.303639,0.0345459)
(-0.0483605,-0.203104)
(-0.0395546,0.750311)
(-0.607364,-0.456203)
(0.527599,-0.16094)
(0.791626,0.258675)
(-0.794793,-0.6167)
(-0.105508,0.428046)
(-0.359477,0.446781)
(1.19389,0.258262)
(-1.15437,-1.43098)
(1.04599,0.623762)
(-0.774619,0.29375)
(-0.104268,-0.0516594)
(0.486974,0.121659)
(0.147391,-0.355262)
(-0.575716,0.1874)
(0.186556,0.269507)
(-0.0311726,-1.06175)
(0.609115,0.819468)
(-0.758455,0.430834)
(0.0725623,-0.499018)
(0.33207,0.316502)
(-0.201661,-0.782366)
(-0.0878599,-0.0259043)
(0.663269,0.469981)
(-0.742718,1.11533)
(-0.1274,-1.27505)
(0.419983,-0.217067)
(0.0618774,0.379225)
(0.108121,-0.127258)
(-0.33931,0.0194195)
(-0.145409,0.482753)
(0.301255,0.0670572)
(-0.158318,-0.419803)
(0.342057,-0.469848)
(-0.105595,-0.216742)
(-0.412035,1.05036)
(0.174595,0.421071)
(0.42693,-0.49236)
(-0.779432,-0.930244)
(0.859329,-0.00618226)
(-0.243068,0.98101)
(-0.734529,0.0269808)
(0.809566,-0.390667)
(-0.0196332,0.099742)
(-0.544194,0.0625)
(0.610342,-0.481441)
(-0.548502,0.0146642)
(0.509177,0.467533)
(-0.266433,0.0410815)
(-0.442628,0.545067)
(0.97716,-0.869281)
(-0.355113,-0.763686)
(-0.668973,0.510592)
(0.649277,1.3308)
(-0.0689343,-0.481825)
(-0.12654,-0.84328)
(0.285843,0.206091)
(-0.39429,0.0274295)
(0.0895097,0.254745)
(0.130566,-0.17175)
(-0.219799,0.186827)
(0.54795,0.426759)
(-0.503703,-0.714232)
(-0.274935,-0.259751)
(1.01517,0.173376)
(-1.03881,0.302054)
(0.588529,0.689203)
(-0.488911,-0.441811)
(0.652652,-0.843552)
(-0.355292,0.0196838)
(0.211233,0.793118)
(-0.385223,0.000407714)
(-0.199847,-0.180702)
(0.507872,0.186274)
(0.331903,-0.481008)
(-0.308645,-0.102845)
(-0.440464,0.19844)
(0.104336,0.359477)
(0.266326,-0.145265)
(-0.448008,0.533146)
(1.28711,-1.135)
(-0.890318,0.0511276)
(-0.473091,0.303942)
(-0.0419122,1.04489)
(0.927609,-0.949772)
(-0.0461094,-0.593367)
(-0.533949,1.43755)
(-0.101362,-1.27368)
(0.226837,0.326785)
(0.491988,0.260167)
(-0.829292,0.0729831)
(0.314453,0.13817)
(-0.0924604,-0.39166)
(0.151752,-0.546086)
(1.11444,1.17841)
(-1.96258,-1.03239)
(0.32051,0.922111)
(0.583871,-0.255679)
(0.511762,-0.196137)
(-0.4758,-0.516356)
(-0.196957,0.489733)
(0.193547,0.565565)
(-0.897377,-0.574113)
(1.01688,-0.039493)
(0.171696,-0.0318426)
(-0.102642,0.113405)
(-0.374756,0.0414316)
(-0.228599,0.258283)
(0.0183058,-0.5625)
(0.262145,0.151929)
(0.604307,0.326834)
(-0.350632,-0.296046)
(-0.317247,0.204733)
(-0.664247,0.0596888)
(0.934925,-0.502712)
(0.291761,0.0171427)
(-0.440869,0.944314)
(-0.228127,-0.941027)
(0.0436988,0.491805)
(0.515989,0.00282146)
(-0.251124,-0.588526)
(-0.783127,0.160936)
(0.633598,0.476958)
(0.991867,-0.212372)
(-1.07685,0.927149)
(-0.221798,-1.86824)
(0.0147657,0.433128)
(0.306018,0.8026)
(0.457982,0.117366)
(-0.0120986,-0.535841)
(-0.493259,0.144785)
(-0.675249,0.18842)
(0.710005,-1.21703)
(0.380066,1.27177)
(-0.0397575,0.230106)
(0.0476918,-0.280126)
(-0.921683,-0.607838)
(0.210955,-0.109372)
(0.486935,0.883228)
(0.144922,-0.360451)
(0.264211,0.0812898)
(-0.776452,-0.338963)
(-0.314627,0.194074)
(0.560404,0.125158)
(0.279072,-0.108743)
(0.13489,-0.0560804)
(-0.99761,0.333527)
(1.04721,-0.733814)
(-0.685817,0.443179)
(-0.0016036,0.397079)
(0.335125,-0.238954)
(-0.0203756,-0.259079)
(0.134012,-0.370134)
(-0.36814,0.504333)
(0.219344,0.569477)
(-0.525476,-0.739199)
(0.685419,0.0934395)
(-0.0826247,-0.0678244)
(0.0818985,0.0740108)
(-0.642128,0.314587)
(0.611568,-0.433979)
(-0.667565,0.0842686)
(1.17307,0.177955)
(-0.865383,0.141893)
(-0.371535,-0.209008)
(0.847302,-0.193043)
(0.0324057,-0.320622)
(-0.543434,0.622995)
(0.120387,0.555274)
(-0.478119,-0.558875)
(1.12666,-0.532538)
(-0.158733,-0.0376749)
(-0.955806,0.1875)
(0.55454,1.0236)
(-0.174106,-0.340711)
(0.631851,-0.586154)
(-1.14568,-1.04347)
(1.62868,1.97457)
(-1.49864,-0.689768)
(0.129254,-0.0667528)
(0.85787,0.0495934)
(-0.0324799,-0.35907)
(-0.943665,0.34685)
(0.497131,0.0919052)
(-0.206626,-0.0204778)
(0.882094,-0.285277)
(-0.338133,-0.202373)
(-1.2527,0.512469)
(1.08244,0.436134)
(0.205634,-0.623088)
(-0.224315,-0.459545)
(-0.653344,0.209616)
(1.19079,0.644275)
(-0.640205,-0.116394)
(-0.695711,-0.295625)
(0.773841,0.166822)
(0.259452,-0.295769)
(-0.171141,-0.0820037)
(-0.410363,0.0130671)
(0.409478,0.927841)
(-0.413548,-0.350144)
(-0.281636,-0.876182)
(1.11515,0.454961)
(-0.300749,0.0204366)
(-0.104875,0.251893)
(-0.925332,-0.110734)
(0.317695,0.186629)
(1.00709,-0.753461)
(-0.0553723,0.685817)
(-0.789584,0.268687)
(-0.0373786,-1.21141)
(-0.121144,0.922777)
(0.87254,-0.0253652)
(-0.277211,0.18197)
(0.00571414,-0.497455)
(-0.582361,0.128659)
(0.154224,-0.268127)
(0.23535,0.576761)
(0.48726,-0.429591)
(-0.26607,0.482424)
(-0.516974,-0.390547)
(-0.218626,0.507088)
(0.620051,-1.39098)
(0.426528,1.09769)
(-0.382092,0.567814)
(-0.51955,-1.28122)
(0.2067,0.811009)
(0.225041,0.02311)
(0.258216,-0.276742)
(-0.729646,-0.664263)
(0.754963,0.562236)
(-0.24672,0.849139)
(-0.396611,-0.264136)
(0.375406,-1.06211)
(-0.124646,0.148697)
(0.033828,0.60569)
(0.298636,0.3125)
(-0.551948,-0.597292)
(0.296584,-0.156905)
(0.404982,0.566619)
(-0.976389,-0.216347)
(0.539072,-0.124104)
(0.116619,-0.307862)
(-0.114729,0.50762)
(0.430711,-0.123564)
(-0.487607,0.39813)
(-0.413878,-0.224426)
(0.415143,-1.11894)
(-0.0738996,1.12818)
(0.766263,0.0461716)
(-0.394707,-0.136155)
(-0.488046,-0.115818)
(-0.381724,0.0527177)
(0.761341,-0.243337)
(0.211251,-0.118063)
(-0.50644,0.833566)
(0.493979,-0.563931)
(-0.0967865,-0.0859681)
(-0.585992,-0.134537)
(-0.306976,0.92474)
(0.688465,-0.792625)
(0.734843,-0.713933)
(-0.161571,1.64099)
(-1.28998,-1.06118)
(0.0869125,0.53075)
(0.828545,-0.32466)
(-0.0478546,-0.132448)
(0.129825,0.0854391)
(-0.273585,0.408671)
(-0.520313,-0.350073)
(1.01277,-0.145921)
(-0.989763,0.18029)
(0.388468,0.468098)
(0.263534,-0.464205)
(0.0385138,-0.489522)
(-0.313243,0.19338)
(0.333236,0.864598)
(-0.999187,-0.246699)
(1.23968,-0.219909)
(-0.573997,-0.700138)
(0.048161,0.360991)
(-0.0250129,0.421881)
(0.564599,0.312761)
(-0.551623,-0.295988)
(-0.85889,-0.419052)
(1.66899,-0.368217)
(-0.968814,0.625967)
(-0.11278,0.455714)
(0.940381,-0.111679)
(-0.315829,-0.810071)
(-0.642922,0.0639875)
(-0.572767,0.846143)
(1.10293,-0.950904)
(0.49769,1.15938)
(-0.15258,-0.826667)
(-0.949463,-0.248582)
(-0.166968,0.429511)
(0.37722,0.255562)
(0.609321,-0.341625)
(-0.119859,-0.0964399)
(0.132583,-0.0625)
(-0.515238,0.386871)
(0.324933,0.267331)
(1.06682,0.211013)
(-1.65126,-0.426579)
(0.707475,-0.484178)
(0.297159,-0.169913)
(-0.384636,0.759513)
(0.215103,0.580036)
(-0.144622,-0.463506)
(-0.544271,-0.500606)
(1.11599,-0.699193)
(-0.512383,1.21258)
(-0.136097,0.197609)
(0.209744,-0.476117)
(-0.264377,-0.0703038)
(0.195991,0.0507939)
(-0.140293,-0.0470907)
(-0.290256,-0.388595)
(1.12751,1.02622)
(-0.259755,-0.51888)
(-1.1287,-0.309759)
(-0.142565,0.323362)
(1.04302,-0.0656932)
(0.47606,-0.0514462)
(-0.0255446,-0.13773)
(-1.8787,0.760254)
(1.04609,-0.911962)
(0.450584,-0.0306472)
(-0.564524,0.746158)
(0.801291,-0.134149)
(-0.461425,-0.442083)
(-0.1581,-0.212081)
(-0.875671,1.00738)
(1.43564,-1.02445)
(-0.0553152,0.403551)
(-0.509367,0.388253)
(-0.187104,-0.184124)
(0.330635,-0.585211)
(-0.218852,0.112451)
(0.315963,0.264557)
(-0.369855,0.800097)
(0.522115,-0.829731)
(-0.303843,-0.354706)
(-0.0880082,0.243303)
(-0.429133,0.21378)
(0.77873,0.105106)
(-0.158336,0.255192)
(0.44831,-0.769885)
(-1.04803,0.309686)
(-0.109482,-0.0360061)
(0.601504,0.207565)
(0.772456,-0.00130898)
(-0.516785,-0.223074)
(-0.721866,0.0393102)
(-0.223591,0.629412)
(1.07946,-1.52172)
(-0.390929,1.20942)
(0.485637,0.583533)
(-0.479082,-1.57777)
(-0.441616,0.82979)
(-0.027442,-0.273379)
(0.689571,0.827383)
(0.301023,-1.2953)
(-0.445082,1.108)
(-0.530267,-0.511624)
(0.31035,-0.253456)
(0.190952,0.394853)
(-0.0515199,0.0689487)
(0.180791,-0.0889321)
(-0.115803,0.104875)
(-0.210715,-0.494358)
(0.108236,0.0778003)
(-0.313421,0.402241)
(0.564739,0.285581)
(-0.0570549,-0.403104)
(0.138781,-0.312534)
(-0.766873,-0.219666)
(0.39582,0.94674)
(-0.216596,-0.174878)
(0.57531,-0.462397)
(0.441638,0.123306)
(-1.12551,-0.0651015)
(-0.334291,0.386901)
(0.873461,-0.40524)
(-0.00227345,-0.079533)
(0.613677,0.761552)
(-1.18317,-0.58011)
(-0.0571821,-0.524537)
(0.757568,0.869179)
(-0.556629,-0.280613)
(0.411176,0.383972)
(0.469965,-0.860784)
(-0.611021,0.388743)
(-0.946812,0.0561767)
(0.995777,0.320632)
(0.803915,-0.243118)
(-1.15016,-0.215469)
(0.0852954,-0.00988428)
(0.266251,0.287275)
(0.305033,-0.456088)
(-0.646803,0.806716)
(0.178355,-0.194094)
(-0.238213,-0.871868)
(1.12349,0.853397)
(-0.694136,-0.760654)
(-0.446962,0.747708)
(0.0538556,0.0746097)
(0.776595,0.151673)
(-0.79959,-1.25442)
(0.140866,0.193606)
(1.1973,1.48446)
(-1.34379,-0.934787)
(0.0565293,0.0187167)
(-0.327957,-0.180067)
(1.09347,0.353402)
(0.00474667,-0.461972)
(-0.485262,0.513749)
(-0.244524,-0.0394606)
(-0.0972701,-0.604585)
(0.482875,0.858733)
(-0.0215214,-0.387982)
(-0.0256781,-0.170625)
(-0.234224,-0.188326)
(0.408428,0.257639)
(-0.109252,0.748981)
(-1.08635,-0.637825)
(1.46811,-0.640488)
(0.132583,-0.0625)
(-0.515238,0.386871)
(0.324933,0.267331)
(1.06682,0.211013)
(-1.65126,-0.426579)
(0.707475,-0.484178)
(0.297159,-0.169913)
(-0.384636,0.759513)
(0.215103,0.580036)
(-0.144622,-0.463506)
(-0.544271,-0.500606)
(1.11599,-0.699193)
(-0.512383,1.21258)
(-0.136097,0.197609)
(0.209744,-0.476117)
(-0.264377,-0.0703038)
(0.195991,0.0507939)
(-0.140293,-0.0470907)
(-0.290256,-0.388595)
(1.12751,1.02622)
(-0.259755,-0.51888)
(-1.1287,-0.309759)
(-0.142565,0.323362)
(1.04302,-0.0656932)
(0.47606,-0.0514462)
(-0.0255446,-0.13773)
(-1.8787,0.760254)
(1.04609,-0.911962)
(0.450584,-0.0306472)
(-0.564524,0.746158)
(0.801291,-0.134149)
(-0.461425,-0.442083)
(-0.1581,-0.212081)
(-0.875671,1.00738)
(1.43564,-1.02445)
(-0.0553152,0.403551)
(-0.509367,0.388253)
(-0.187104,-0.184124)
(0.330635,-0.585211)
(-0.218852,0.112451)
(0.315963,0.264557)
(-0.369855,0.800097)
(0.522115,-0.829731)
(-0.303843,-0.354706)
(-0.0880082,0.243303)
(-0.429133,0.21378)
(0.77873,0.105106)
(-0.158336,0.255192)
(0.44831,-0.769885)
(-1.04803,0.309686)
(-0.109482,-0.0360061)
(0.601504,0.207565)
(0.772456,-0.00130898)
(-0.516785,-0.223074)
(-0.721866,0.0393102)
(-0.223591,0.629412)
(1.07946,-1.52172)
(-0.390929,1.20942)
(0.485637,0.583533)
(-0.479082,-1.57777)
(-0.441616,0.82979)
(-0.027442,-0.273379)
(0.689571,0.827383)
(0.301023,-1.2953)
(-0.445082,1.108)
(-0.530267,-0.511624)
(0.31035,-0.253456)
(0.190952,0.394853)
(-0.0515199,0.0689487)
(0.180791,-0.0889321)
(-0.115803,0.104875)
(-0.210715,-0.494358)
(0.108236,0.0778003)
(-0.313421,0.402241)
(0.564739,0.285581)
(-0.0570549,-0.403104)
(0.138781,-0.312534)
(-0.766873,-0.219666)
(0.39582,0.94674)
(-0.216596,-0.174878)
(0.57531,-0.462397)
(0.441638,0.123306)
(-1.12551,-0.0651015)
(-0.334291,0.386901)
(0.873461,-0.40524)
(-0.00227345,-0.079533)
(0.613677,0.761552)
(-1.18317,-0.58011)
(-0.0571821,-0.524537)
(0.757568,0.869179)
(-0.556629,-0.280613)
(0.411176,0.383972)
(0.469965,-0.860784)
(-0.611021,0.388743)
(-0.946812,0.0561767)
(0.995777,0.320632)
(0.803915,-0.243118)
(-1.15016,-0.215469)
(0.0852954,-0.00988428)
(0.266251,0.287275)
(0.305033,-0.456088)
(-0.646803,0.806716)
(0.178355,-0.194094)
(-0.238213,-0.871868)
(1.12349,0.853397)
(-0.694136,-0.760654)
(-0.446962,0.747708)
(0.0538556,0.0746097)
(0.776595,0.151673)
(-0.79959,-1.25442)
(0.140866,0.193606)
(1.1973,1.48446)
(-1.34379,-0.934787)
(0.0565293,0.0187167)
(-0.327957,-0.180067)
(1.09347,0.353402)
(0.00474667,-0.461972)
(-0.485262,0.513749)
(-0.244524,-0.0394606)
(-0.0972701,-0.604585)
(0.482875,0.858733)
(-0.0215214,-0.387982)
(-0.0256781,-0.170625)
(-0.234224,-0.188326)
(0.408428,0.257639)
(-0.109252,0.748981)
(-1.08635,-0.637825)
(1.46811,-0.640488)
(-0.330806,0.4375)
(-0.43847,0.536038)
(0.355696,-0.133201)
(-0.0493193,-0.366056)
(-0.0571634,-0.142448)
(-0.408606,0.0802751)
(0.324818,0.55196)
(0.394175,-0.171869)
(-0.0699463,-0.346691)
(-0.410146,-0.0559454)
(0.224742,-0.0499655)
(-0.512242,0.580528)
(0.111828,0.184772)
(0.946896,-1.08741)
(-0.158077,0.547651)
(-0.725008,0.0507507)
(-0.186431,0.194452)
(0.366105,-0.214222)
(0.293133,-0.312288)
(-0.219138,0.266697)
(0.310369,0.908187)
(-0.192074,-1.49839)
(-0.508439,0.281028)
(0.267716,0.62859)
(0.122861,0.00463274)
(0.280344,-0.566745)
(-0.208805,0.458105)
(0.189284,0.277068)
(-1.05789,-1.26993)
(1.50819,0.705383)
(-0.997962,0.371419)
(0.117772,0.324976)
(0.216376,-0.536872)
(0.403661,-0.604602)
(-0.406582,0.249251)
(-0.173854,0.606568)
(-0.602628,-0.0601328)
(1.10623,-0.23915)
(0.0667135,0.13892)
(-0.248084,-0.3249)
(-0.487142,-0.0761809)
(-0.0500304,0.396897)
(0.399005,-0.0302784)
(0.104896,-0.115676)
(0.240066,0.165456)
(-0.736413,-0.298399)
(0.437607,0.420052)
(-0.183632,-0.47171)
(0.031027,-0.361932)
(-0.156765,0.704645)
(0.829935,0.632039)
(-0.772766,-0.550098)
(0.0795569,-0.842453)
(-0.129858,0.198105)
(0.10866,0.423278)
(0.239027,0.301851)
(0.4303,0.10736)
(-0.454096,-0.28092)
(-1.77237,-0.101294)
(2.90782,-1.11315)
(-1.02282,0.945837)
(-0.6104,0.945382)
(0.342204,-0.261866)
(0.0142297,-0.60392)
(0.188801,-0.474112)
(-0.36639,-0.231582)
(0.514865,1.15897)
(-0.635738,0.286072)
(0.385963,-0.634734)
(0.365901,-0.223206)
(-0.728258,-0.0916238)
(0.0277905,0.0677278)
(0.26466,0.389625)
(0.364812,-0.23816)
(0.0471314,0.445067)
(-0.904512,-0.486437)
(0.132987,0.0224704)
(0.608205,-0.0349182)
(-0.0128841,-0.163095)
(-0.0591189,0.233357)
(-0.253715,0.514661)
(-0.434135,-0.344456)
(0.88725,-0.160237)
(-0.191896,-0.431393)
(-0.395799,0.271205)
(0.113837,0.299097)
(0.362997,0.22149)
(-0.161545,-0.204621)
(-0.385032,0.421428)
(0.257507,-1.94518)
(0.246259,1.39236)
(-0.233618,0.694979)
(-0.00780119,-0.625356)
(-0.241782,0.36197)
(0.733948,-1.03652)
(-0.413519,0.0862634)
(-0.398401,0.763716)
(0.0718086,0.235197)
(0.558335,-0.480535)
(0.0623682,0.12662)
(-0.205314,-0.773102)
(-0.67903,0.758078)
(0.551485,-0.0382869)
(-0.201191,0.506194)
(0.630006,-1.25037)
(-0.250121,0.755096)
(-0.444286,0.290903)
(0.37497,-0.563697)
(-0.478034,-0.0796627)
(0.288307,0.283648)
(0.203087,0.350142)
(0.378521,-0.489961)
(-0.523967,0.170687)
(-0.421568,-0.0362497)
(0.158404,-0.428599)
(0.465012,0.530256)
(0.0414455,0.24713)
(-0.0069841,-0.425647)
(-0.292427,0.349297)
(-0.406386,-0.929362)
(0.639203,0.421224)
(0.130386,0.974885)
(-0.773643,-1.06969)
(0.682067,0.749288)
(0.108223,-0.820222)
(-0.0369726,0.204612)
(-0.972742,0.0245162)
(0.303565,0.805108)
(0.955806,-0.8125)
(-0.313619,0.223359)
(-0.0371007,-0.52286)
(-0.535407,0.773544)
(0.0288637,-0.428212)
(-0.0504397,0.835609)
(0.870521,-1.90335)
(-0.00530536,1.49335)
(-0.808955,0.820491)
(0.101641,-2.0654)
(-0.0788105,0.711525)
(0.166765,0.437828)
(0.417488,0.00113813)
(0.222176,-0.0853213)
(-0.735825,-0.131322)
(-0.353817,-0.402358)
(0.458259,0.437058)
(0.308884,0.255615)
(0.249643,-0.237824)
(-0.616896,-0.253727)
(-0.168273,0.336519)
(0.435697,-0.191056)
(-0.117384,0.0266897)
(0.0471948,0.26175)
(-0.211066,-0.751664)
(0.312713,1.05149)
(0.0677389,-0.587308)
(-0.231392,0.0412247)
(-0.395664,-0.304188)
(0.360201,0.574207)
(0.394788,-0.142048)
(-0.449238,-0.230163)
(0.371489,0.0353038)
(-0.156606,0.258915)
(-0.704754,-0.199732)
(0.251078,0.102062)
(0.935925,-0.544552)
(0.0574774,0.84398)
(-1.09899,0.146251)
(0.0715935,-1.43016)
(0.119824,1.13572)
(0.649678,0.0608152)
(-0.144534,-0.231652)
(-0.0899562,-0.202592)
(-0.392275,-0.0977372)
(-0.326069,0.261119)
(0.946014,0.377109)
(-0.200587,-0.337205)
(-0.0967723,-0.229267)
(-0.312363,-0.196199)
(0.0271154,0.414998)
(0.66847,0.471255)
(-0.474539,-0.549175)
(-0.958269,-0.221158)
(1.95455,0.226471)
(-1.01779,-0.0332067)
(0.0468879,0.0926706)
(-0.675496,0.235831)
(0.91784,-0.36644)
(-0.043011,0.00363707)
(-0.151186,0.3248)
(-0.0994348,-0.85927)
(-0.250963,1.13351)
(0.4669,-0.339894)
(-0.216529,-0.482995)
(-0.21725,0.319117)
(0.648825,0.3448)
(0.0531087,-0.546604)
(-1.44885,-0.270996)
(1.06938,0.769301)
(0.177573,0.199375)
(0.256104,-0.464201)
(-0.689908,-0.644569)
(-0.341882,0.520098)
(0.545488,0.293164)
(0.309821,-0.347445)
(-0.362322,1.36901)
(0.171011,-2.0127)
(-0.307803,0.0200656)
(0.137223,0.824581)
(-0.223006,0.706563)
(0.628542,-0.291548)
(-0.238163,-0.958407)
(-0.816216,-0.184306)
(1.55126,1.10693)
(-1.24881,-0.490825)
(0.116375,0.228062)
(0.311846,0.0402898)
(0.232624,-0.227738)
(-0.314805,-0.291421)
(-0.248837,0.0669886)
(0.855557,0.270673)
(-1.01735,0.542057)
(0.235552,-0.522512)
(0.269537,-0.292886)
(0.204118,-0.00259746)
(0.0433563,0.139565)
(-0.39667,0.306116)
(-0.644693,0.128391)
(0.813436,-0.455355)
(0.393586,0.172157)
(-0.312458,-0.34382)
(-0.232386,0.139975)
(-0.344342,0.4553)
(0.442897,-0.0370278)
(0.328881,-0.242417)
(-0.991998,-0.517566)
(1.51409,0.670323)
(-1.17461,-0.241642)
(-0.113713,0.41772)
(0.649255,-0.251165)
(-0.0171994,-0.551857)
(-0.563505,0.260059)
(0.28895,0.702926)
(0.283781,-0.257517)
(0.138972,-0.565836)
(-0.777144,-0.0802742)
(0.0105541,0.656327)
(0.568751,-0.013803)
(0.248088,-0.32736)
(-0.448004,-0.0123453)
(0.193087,0.277774)
(-1.0108,-0.387541)
(0.936701,0.199202)
(0.529939,-0.0828881)
(-0.346876,0.154894)
(-0.805842,0.265168)
(0.226878,-0.185293)
(0.169194,-0.5625)
(0.96081,-0.0409959)
(-0.714834,0.777246)
(-0.908138,0.046127)
(0.983344,-0.242852)
(-0.168171,-0.230805)
(0.14173,-0.106491)
(-0.182973,0.151132)
(0.136083,-0.601347)
(-0.359693,1.42174)
(0.327317,0.0994754)
(-0.0462322,-1.33366)
(-0.165912,-0.112604)
(-0.00292735,0.0469229)
(0.370336,1.11012)
(0.581704,-0.186545)
(-1.8517,0.214144)
(0.515754,-1.23265)
(1.30309,0.106337)
(-0.716666,0.640154)
(0.232059,-0.0759269)
(-0.847947,0.409437)
(0.609109,-0.299084)
(-0.113587,0.16581)
(-0.115841,-1.44351)
(0.393251,0.999311)
(0.0714838,1.12212)
(-0.250495,-1.19288)
(-0.293977,0.191497)
(-0.207952,-0.224651)
(0.497969,0.7177)
(0.325251,-1.10201)
(-0.00298733,0.713648)
(-0.387158,0.155191)
(-0.460497,-0.284573)
(0.100819,0.140003)
(0.731471,-0.00155065)
(0.0295706,-0.374565)
(-0.51972,0.347748)
(0.17194,-0.451666)
(-0.0652812,0.568037)
(-0.48208,0.497749)
(1.05478,-0.768912)
(-0.639624,-0.531617)
(0.022887,0.435515)
(-0.154031,0.258569)
(1.11141,0.76377)
(-1.43163,-1.20729)
(0.208425,-0.0960233)
(0.404498,0.857604)
(0.163573,-0.432889)
(-0.194673,-0.096518)
(0.120369,0.163186)
(0.0634734,-0.21684)
(-0.545583,0.626231)
(-0.499041,-0.272046)
(1.41071,-0.899305)
(-0.254362,1.15125)
(0.188758,-0.582802)
(-0.978811,0.190307)
(0.143391,0.128806)
(-0.320107,-0.123008)
(1.20904,-0.241761)
(0.183354,0.529895)
(-1.10041,-0.650888)
(0.397443,0.322885)
(-0.441778,-0.262272)
(-0.0391178,0.857433)
(0.762592,-0.378537)
(0.452578,-0.311469)
(-1.11873,-0.725733)
(0.0157784,0.881572)
(0.284067,0.517547)
(0.247229,-0.267127)
(-0.29336,-0.591721)
(-0.0933532,0.240842)
(0.205171,-0.392363)
(0.352376,0.582562)
(-0.0305167,0.372173)
(-1.14192,-1.01897)
(0.638848,0.844727)
(0.115156,-0.176298)
(0.769073,-0.443471)
(-0.954118,-0.163341)
(0.453308,0.597978)
(-0.356886,0.33908)
(-0.825416,-0.28518)
(1.51005,-0.767652)
(-0.33019,0.365728)
(0.00301628,0.542574)
(-0.144126,-0.178523)
(-0.517931,-0.528759)
(0.128521,0.302482)
(0.323434,0.226936)
(0.283796,0.217099)
(0.0954516,-0.577966)
(-0.522094,-0.160163)
(-0.168221,0.11264)
(-0.0776699,0.38563)
(0.580454,0.362302)
(0.292219,-0.0980021)
(-1.08107,-0.98424)
(1.10953,-0.134633)
(-0.846142,0.759081)
(0.188013,0.74897)
(0.420504,-0.598274)
(-0.542187,-0.411252)
(-0.0315156,-0.179853)
(0.834848,-0.135165)
(-0.64416,1.53407)
(0.264213,-1.39534)
(-0.562184,0.234149)
(0.193829,0.461148)
(0.303731,-0.044369)
(0.0371929,-0.807237)
(-0.114436,0.0908482)
(0.757805,1.13252)
(-1.86164,-0.65096)
(0.829454,0.0367765)
(0.384718,-0.338478)
(0.333441,0.160487)
(-0.122509,0.314602)
(-0.385467,-0.18604)
(-1.17443,-0.212726)
(1.85635,0.0568908)
(-0.712242,0.575926)
(0.404981,-0.241199)
(-0.42165,-0.528879)
(1.13258,-0.0625)
(0.0133228,0.333191)
(-0.271617,-0.273702)
(-1.36484,0.152915)
(1.29641,-0.427773)
(-6.60566e-005,0.777042)
(-0.427487,-0.671788)
(0.198964,0.199186)
(0.439756,-0.0104535)
(-0.635149,0.540841)
(0.06421,-0.793044)
(0.306117,-0.101024)
(-0.622485,0.722189)
(0.523185,-0.158333)
(0.214811,-0.0634732)
(-0.11038,-0.364713)
(0.0108891,-0.00184482)
(-0.491983,0.438912)
(-0.637792,0.441827)
(1.57699,-0.919288)
(-0.168823,-0.232991)
(-0.371718,0.722173)
(-0.270187,0.175441)
(-0.235154,-0.34309)
(0.483526,-0.112263)
(-0.515435,-0.153229)
(1.48303,0.50958)
(-1.51079,-0.348988)
(0.76707,-0.134307)
(-0.478709,0.404885)
(-0.201504,0.348091)
(0.149989,-0.955634)
(0.728483,0.459547)
(0.106424,-0.808328)
(-1.13872,1.45474)
(0.332603,-0.237599)
(0.234695,-0.543049)
(-0.106324,-0.110709)
(0.112402,-0.305302)
(0.414085,0.701914)
(-0.309041,-0.0985386)
(-1.17763,0.531961)
(1.44532,-0.715891)
(0.187086,-0.372678)
(-0.795143,0.225481)
(-0.4809,0.4779)
(0.86883,-0.1963)
(0.134616,0.45452)
(0.35312,-0.76912)
(-1.28459,0.0219736)
(-0.289493,0.571127)
(1.39726,-0.824308)
(-0.0383956,0.593914)
(-0.130796,0.43349)
(-0.97364,-0.387139)
(0.831802,-0.646332)
(-0.436902,0.611193)
(0.0192903,-0.285519)
(0.703681,0.335165)
(-0.429715,0.119953)
(0.25818,-0.498778)
(-0.614128,0.604376)
(-0.1673,-0.819785)
(0.271457,0.460163)
(0.856694,0.0473349)
(-0.183254,-0.100989)
(-0.782876,0.36791)
(-0.116932,-0.382957)
(0.317526,-0.129504)
(0.211437,0.0768926)
(0.066247,0.130513)
(0.386802,0.329189)
(-0.619344,-0.58597)
(-1.12537,0.1)
(1.76076,0.361985)
(-0.121273,-0.227515)
(-0.322332,0.236559)
(-0.703614,-0.721496)
(0.514589,0.132205)
(0.379924,1.1741)
(-0.00845402,-0.894722)
(-0.720031,0.164518)
(0.309238,-0.445078)
(0.10556,0.122151)
(0.393664,0.200233)
(-0.57877,0.796575)
(0.206877,-1.05466)
(-0.0432793,0.0258483)
(-0.207561,0.777839)
(0.189484,-1.0979)
(0.681866,0.450617)
(-1.06964,0.371239)
(0.582868,0.23361)
(-0.716741,-0.368747)
(1.13703,-0.691217)
(-0.763885,0.301535)
(0.424615,0.699508)
(-0.353956,-0.313541)
(-0.069743,0.0701795)
(-0.067988,-0.385418)
(0.722523,0.220999)
(-0.179619,-0.0823309)
(-0.612176,-0.135194)
(0.00626456,0.669366)
(0.342733,-0.264277)
(0.184267,-1.00869)
(0.10274,1.32424)
(-0.48669,-0.504354)
(0.00869511,0.406772)
(0.242305,-1.05363)
(-0.657293,0.40643)
(1.42727,0.504253)
(-0.988144,0.332963)
(0.24807,-0.714342)
(-0.674156,-0.0631871)
(0.927024,-0.365482)
(-0.335194,0.408401)
(-0.49397,0.82247)
(1.00954,-0.0517055)
(-0.248466,-1.33198)
(-0.677957,0.285166)
(0.269455,0.500042)
(-0.193609,0.164635)
(0.415478,-0.128827)
(0.56257,0.0288901)
(-0.407647,-0.499343)
(-1.09884,0.359095)
(0.531601,0.253361)
(1.13258,-0.0625)
(0.0133228,0.333191)
(-0.271617,-0.273702)
(-1.36484,0.152915)
(1.29641,-0.427773)
(-6.60566e-005,0.777042)
(-0.427487,-0.671788)
(0.198964,0.199186)
(0.439756,-0.0104535)
(-0.635149,0.540841)
(0.06421,-0.793044)
(0.306117,-0.101024)
(-0.622485,0.722189)
(0.523185,-0.158333)
(0.214811,-0.0634732)
(-0.11038,-0.364713)
(0.0108891,-0.00184482)
(-0.491983,0.438912)
(-0.637792,0.441827)
(1.57699,-0.919288)
(-0.168823,-0.232991)
(-0.371718,0.722173)
(-0.270187,0.175441)
(-0.235154,-0.34309)
(0.483526,-0.112263)
(-0.515435,-0.153229)
(1.48303,0.50958)
(-1.51079,-0.348988)
(0.76707,-0.134307)
(-0.478709,0.404885)
(-0.201504,0.348091)
(0.149989,-0.955634)
(0.728483,0.459547)
(0.106424,-0.808328)
(-1.13872,1.45474)
(0.332603,-0.237599)
(0.234695,-0.543049)
(-0.106324,-0.110709)
(0.112402,-0.305302)
(0.414085,0.701914)
(-0.309041,-0.0985386)
(-1.17763,0.531961)
(1.44532,-0.715891)
(0.187086,-0.372678)
(-0.795143,0.225481)
(-0.4809,0.4779)
(0.86883,-0.1963)
(0.134616,0.45452)
(0.35312,-0.76912)
(-1.28459,0.0219736)
(-0.289493,0.571127)
(1.39726,-0.824308)
(-0.0383956,0.593914)
(-0.130796,0.43349)
(-0.97364,-0.387139)
(0.831802,-0.646332)
(-0.436902,0.611193)
(0.0192903,-0.285519)
(0.703681,0.335165)
(-0.429715,0.119953)
(0.25818,-0.498778)
(-0.614128,0.604376)
(-0.1673,-0.819785)
(0.271457,0.460163)
(0.856694,0.0473349)
(-0.183254,-0.100989)
(-0.782876,0.36791)
(-0.116932,-0.382957)
(0.317526,-0.129504)
(0.211437,0.0768926)
(0.066247,0.130513)
(0.386802,0.329189)
(-0.619344,-0.58597)
(-1.12537,0.1)
(1.76076,0.361985)
(-0.121273,-0.227515)
(-0.322332,0.236559)
(-0.703614,-0.721496)
(0.514589,0.132205)
(0.379924,1.1741)
(-0.00845402,-0.894722)
(-0.720031,0.164518)
(0.309238,-0.445078)
(0.10556,0.122151)
(0.393664,0.200233)
(-0.57877,0.796575)
(0.206877,-1.05466)
(-0.0432793,0.0258483)
(-0.207561,0.777839)
(0.189484,-1.0979)
(0.681866,0.450617)
(-1.06964,0.371239)
(0.582868,0.23361)
(-0.716741,-0.368747)
(1.13703,-0.691217)
(-0.763885,0.301535)
(0.424615,0.699508)
(-0.353956,-0.313541)
(-0.069743,0.0701795)
(-0.067988,-0.385418)
(0.722523,0.220999)
(-0.179619,-0.0823309)
(-0.612176,-0.135194)
(0.00626456,0.669366)
(0.342733,-0.264277)
(0.184267,-1.00869)
(0.10274,1.32424)
(-0.48669,-0.504354)
(0.00869511,0.406772)
(0.242305,-1.05363)
(-0.657293,0.40643)
(1.42727,0.504253)
(-0.988144,0.332963)
(0.24807,-0.714342)
(-0.674156,-0.0631871)
(0.927024,-0.365482)
(-0.335194,0.408401)
(-0.49397,0.82247)
(1.00954,-0.0517055)
(-0.248466,-1.33198)
(-0.677957,0.285166)
(0.269455,0.500042)
(-0.193609,0.164635)
(0.415478,-0.128827)
(0.56257,0.0288901)
(-0.407647,-0.499343)
(-1.09884,0.359095)
(0.531601,0.253361)
(0.794194,-0.6875)
(-0.403445,0.474369)
(0.17,0.133415)
(-0.745544,0.314017)
(0.978629,-0.8796)
(-0.754859,-0.315934)
(-0.303777,1.25971)
(1.11651,-0.267781)
(-0.386769,-0.461724)
(-0.0203423,-0.229993)
(-0.202128,0.553844)
(-0.441553,0.285994)
(0.364261,-0.250789)
(0.553319,-1.34946)
(-0.0058193,1.3336)
(-0.558907,0.735227)
(-0.190802,-1.08561)
(0.303377,0.0117364)
(0.022526,0.104297)
(-0.0475469,-0.348682)
(1,0.272871)
(-1.73409,0.977777)
(0.774631,-0.662815)
(0.0489983,-0.539019)
(0.0521983,-0.192427)
(0.185803,0.390086)
(-0.583629,0.799005)
(0.237488,-0.325969)
(0.748244,-0.42862)
(-1.28397,-0.31055)
(0.494664,0.138182)
(0.495211,0.587018)
(-0.446921,0.0121719)
(0.0284269,-0.0822051)
(0.368868,-0.787601)
(-0.401909,0.373441)
(-0.756722,0.541275)
(1.35941,-0.264553)
(-0.096322,-0.196832)
(-0.341449,0.12401)
(-0.338747,0.0130607)
(-0.417973,-0.193719)
(0.907254,-0.0755991)
(0.388727,0.876073)
(-0.626652,-0.918945)
(-0.112249,0.435319)
(-0.207795,-0.341455)
(0.00360271,-0.132969)
(0.776152,0.251253)
(-0.257986,0.883501)
(0.169061,-0.671151)
(-1.12321,-0.777664)
(0.517507,0.0571952)
(0.79292,1.12593)
(-0.498411,-0.292514)
(-0.278601,-0.176893)
(0.558606,-0.223827)
(-0.725837,0.34375)
(0.237944,-1.10065)
(0.649234,1.35731)
(-0.569814,-0.346661)
(-0.111337,0.242506)
(-0.0544789,-0.294272)
(0.537907,-0.534983)
(0.0549175,0.547335)
(-0.38286,-0.857667)
(-0.935864,1.75758)
(1.25334,-0.49884)
(0.486365,-0.936858)
(-0.744898,0.331563)
(-0.6872,-0.240191)
(0.654269,0.243632)
(0.0197427,0.554127)
(0.425624,0.388733)
(-0.723057,-1.31695)
(0.452489,-0.0330917)
(-0.379576,0.52034)
(0.341389,0.0846954)
(-0.269303,0.119162)
(0.140681,0.365651)
(0.0164452,-0.722055)
(0.244626,-0.32398)
(-0.473699,0.0459632)
(0.303807,1.03887)
(-0.364861,-0.292728)
(0.268677,-0.434555)
(0.423041,-0.00237852)
(-0.570031,0.303605)
(-0.287642,-0.718894)
(1.10013,0.62622)
(-0.861722,0.750339)
(-0.22436,-1.39338)
(0.592347,0.603005)
(0.0987552,-0.138124)
(-0.340217,0.600961)
(0.241025,-1.09597)
(-0.54895,0.483103)
(0.0314679,0.533082)
(1.29046,-0.105523)
(-1.2809,-0.371267)
(-0.103513,-0.547758)
(0.787298,0.403151)
(-0.26919,0.674654)
(0.279637,0.140707)
(-1.46551,-1.08646)
(1.80497,0.210224)
(-0.593998,0.22521)
(-0.164331,0.187454)
(0.0503678,-0.140854)
(-0.00698304,0.451795)
(-0.275271,-0.715145)
(0.510047,-0.353207)
(-0.158741,0.93835)
(0.079381,0.243305)
(-0.258827,-0.893475)
(0.0701156,-0.0576662)
(0.0254884,0.471349)
(-0.0176456,0.238913)
(-0.157686,-0.165517)
(0.925276,-0.491086)
(-1.00546,0.223977)
(-0.0466913,-0.130817)
(0.363684,0.607774)
(0.123557,0.0198047)
(-0.323658,-0.516384)
(0.574393,-0.253729)
(-0.326117,-0.289589)
(-0.944518,1.35317)
(1.45581,0.1875)
(-0.595543,-1.6094)
(-0.130028,0.416474)
(0.30119,0.3584)
(-0.249205,0.0655405)
(0.0946407,0.122007)
(-0.288661,-0.10063)
(0.596057,-0.359535)
(-0.297101,0.0532672)
(-0.334866,0.276273)
(0.729922,-0.0654184)
(-0.69876,0.268427)
(0.313113,-0.644514)
(-0.182885,4.51615e-005)
(0.322241,1.15106)
(0.106746,-0.787036)
(-0.531628,-0.79279)
(-0.127128,0.925587)
(0.714036,-0.113441)
(-0.16079,0.453253)
(-0.229728,-0.414225)
(-0.0829475,-0.513401)
(-0.114889,0.181583)
(0.600492,0.270377)
(-0.173894,0.157403)
(-0.544012,0.554513)
(0.37108,-1.16672)
(0.227229,0.187295)
(-0.30652,-0.249237)
(-0.0483093,0.85156)
(0.337953,0.566012)
(-0.41971,-1.67615)
(0.390235,0.84223)
(-0.360088,-0.165262)
(0.217712,0.0189639)
(0.128662,-0.0200766)
(-0.118382,0.569614)
(-0.452033,-0.605309)
(0.549214,-0.184244)
(-0.118179,0.436761)
(0.371124,-0.084187)
(-0.697317,-0.0423796)
(0.125707,-0.293247)
(-0.137227,0.414546)
(0.976376,0.450616)
(-0.447821,-0.786149)
(-0.884013,-0.528664)
(0.549402,0.940864)
(0.570532,0.146276)
(-0.454183,-0.042447)
(-0.00395945,-0.581983)
(-0.318206,-0.00221738)
(0.372156,0.281725)
(0.106986,-0.0037098)
(0.120951,0.268379)
(-0.601096,-0.237554)
(0.359465,-0.0756983)
(-0.403454,-0.0346803)
(0.537026,-0.201769)
(0.549276,0.331288)
(-1.12871,0.342149)
(0.0838044,-0.681067)
(0.449528,0.890166)
(-0.420247,-1.2957)
(0.731694,0.577665)
(-0.138878,0.0641707)
(-0.415125,0.743353)
(-0.158965,-0.938907)
(-0.526541,0.534401)
(1.68591,-0.928334)
(-0.429057,0.279184)
(-0.673371,1.0803)
(-0.371202,-0.501106)
(0.441305,-0.40342)
(0.912225,-0.0623122)
(-0.761196,0.353818)
(-0.861034,-0.406428)
(1.40394,0.612731)
(-0.214867,-0.367533)
(-0.433364,0.286966)
(-0.389701,-0.212357)
(0.402356,-0.407716)
(0.451123,0.52919)
(-0.0716466,-0.558973)
(-0.388091,0.967036)
(-0.242296,-0.414378)
(0.416379,-0.0578355)
(-0.162957,-0.407529)
(0.161038,-0.1182)
(0.323353,0.645713)
(-0.793743,0.206745)
(0.532609,-0.271892)
(-0.128374,-0.126574)
(-0.2062,-0.491984)
(0.249656,0.575439)
(-0.0315161,-0.201811)
(0.340551,0.102269)
(-0.70441,0.423383)
(0.535578,0.143351)
(-0.486173,-1.26371)
(0.416627,-0.117491)
(-0.157124,1.45645)
(0.123466,-0.303934)
(-0.106665,-0.228055)
(0.542422,-0.00198461)
(-1.06692,-0.628333)
(0.0647573,0.362141)
(0.654965,0.446041)
(0.536847,-0.396556)
(-0.650406,0.600605)
(-0.461239,-0.411789)
(0.166889,-0.500636)
(0.183658,0.117569)
(-0.102963,0.249633)
(0.698481,1.00316)
(0.284411,-1.12842)
(-2.03996,-0.407295)
(0.961287,0.694681)
(0.380486,-0.0662044)
(0.414981,0.663283)
(-0.59228,-1.23532)
(0.308805,-0.0609066)
(-0.946591,1.22942)
(0.846764,-0.361086)
(-0.251024,-0.47513)
(0.0686032,0.116884)
(0.356264,-0.0834767)
(-0.0760555,0.290708)
(-0.205806,-0.1875)
(-1.40282,0.0938163)
(1.95483,0.415508)
(-0.149717,-0.543914)
(-0.221776,-0.186419)
(-0.451259,-0.00297558)
(-0.10872,0.246024)
(0.0107384,0.412466)
(0.594771,0.522464)
(0.0425363,-1.2941)
(-0.360525,-0.863104)
(0.172858,1.63648)
(-0.456279,0.13728)
(0.0400417,0.0487733)
(0.21414,-1.13166)
(0.644385,0.717183)
(-0.465236,-0.57686)
(-0.255749,0.360066)
(-0.0415101,0.639754)
(-0.127557,-0.60132)
(0.314659,-0.114454)
(0.253097,0.252259)
(0.0891669,-0.22679)
(0.263354,0.19152)
(-2.05397,-0.402441)
(1.30054,0.759254)
(0.855379,-0.394467)
(-0.597678,-0.133144)
(0.281835,0.0320574)
(-0.940248,0.35294)
(0.495522,-0.400309)
(-0.332137,-0.505891)
(0.50498,0.936051)
(0.539263,0.500596)
(-0.634935,-1.1071)
(-0.493547,-0.0466714)
(0.699445,0.176194)
(-0.849696,0.220174)
(0.656619,-0.0514906)
(0.76888,0.512055)
(-0.679242,-0.433888)
(-0.722706,-0.444732)
(0.326447,0.324819)
(0.341871,-0.553494)
(0.353421,1.23265)
(-0.436653,-0.580341)
(-0.0405146,0.640414)
(-0.344435,-1.34631)
(0.74474,-0.0855163)
(-0.38251,1.16419)
(-0.0679781,-0.202991)
(0.105637,-0.0227897)
(0.026252,-0.0893723)
(-0.0663094,-0.344223)
(0.289808,-0.259079)
(-0.84364,0.885811)
(1.14692,-0.644624)
(-0.411864,0.739194)
(-0.910399,-0.444547)
(0.893121,-0.309024)
(0.127136,-0.172485)
(0.398867,1.26456)
(-1.19694,-1.36399)
(0.0910952,0.193576)
(0.533471,1.07767)
(-0.0205441,-0.511889)
(0.247239,-0.77345)
(0.0531307,0.39753)
(-0.367463,-0.0534553)
(-1.07181,0.832891)
(0.958153,-0.352432)
(0.956874,-0.92349)
(-0.5263,0.636502)
(-0.405939,0.268277)
(-0.183073,-0.283409)
(-0.192331,0.0751953)
(0.192132,-0.372898)
(1.04737,0.607327)
(-0.251866,-0.0540453)
(-0.920346,-0.671918)
(-0.0879598,0.78624)
(0.178889,-0.697905)
(1.01461,0.491584)
(-0.555325,0.00360729)
(-0.639774,-0.219832)
(0.753387,0.170669)
(-0.396326,-0.00869475)
(0.154647,-0.578791)
(0.172756,0.81609)
(-0.427463,-0.24809)
(0.0950822,0.0348128)
(0.0617695,-0.595107)
(0.641546,1.21072)
(-0.438792,-1.09077)
(-0.543508,0.0135528)
(-0.141409,0.586553)
(0.960562,-0.0348796)
(-0.21231,-0.0413783)
(0.053037,-0.225795)
(-0.197253,-0.369726)
(-0.687295,0.299673)
(0.82708,0.789804)
(-0.135859,-0.448589)
(-0.202114,-0.883062)
(0.389814,0.749172)
(0.191745,0.0584134)
(-0.655792,0.30306)
(-0.347678,-0.990815)
(0.561183,0.61331)
(0.0852317,0.332124)
(0.674567,-0.806892)
(-0.918893,0.729053)
(-0.127762,-0.431775)
(-0.0165529,0.0597844)
(0.609532,0.310311)
(-0.565475,-0.423384)
(0.847991,-0.0676146)
(-0.850528,0.650601)
(0.421038,-0.403739)
(-0.355867,-0.0446036)
(0.208267,-0.147977)
(-0.0890141,0.225826)
(0.0685706,-0.180487)
(0.079524,0.766145)
(0.267624,-0.916467)
(0.0410286,-0.0519786)
(-1.13291,0.699446)
(0.186198,-0.413784)
(0.132583,-0.0625)
(-0.462853,-0.417792)
(0.477241,-0.174204)
(0.0646954,0.20402)
(-0.0665912,0.247335)
(-0.199841,-0.117853)
(0.219521,-0.126932)
(-0.123868,0.220484)
(-0.00497434,0.0146707)
(-0.226358,-0.339839)
(0.433243,-0.113926)
(-0.143229,0.271443)
(0.304857,0.366099)
(-0.552658,-0.00935111)
(-0.0462502,-0.486975)
(0.0957042,-0.249836)
(0.454943,0.28825)
(-0.0846956,0.317492)
(-0.19718,0.0900624)
(-0.233942,-0.191358)
(0.185354,-0.322602)
(-0.0272954,0.0186464)
(0.0830089,0.254769)
(0.233635,0.0798056)
(-0.265644,-0.0501648)
(-0.14063,-0.109051)
(0.23744,-0.0350628)
(-0.185477,0.132972)
(0.119712,-0.0420278)
(-0.101702,-0.160118)
(0.235687,0.102856)
(-0.0469621,0.138452)
(-0.0636315,-0.0227862)
(-0.20274,-0.0545387)
(-0.0637096,-0.0873301)
(0.292258,-0.00862098)
(0.155543,0.039568)
(-0.184307,-0.0521765)
(0.101014,0.143652)
(-0.319985,0.231149)
(-0.0108923,-0.209605)
(-0.0799513,-0.388928)
(0.661285,-0.0196834)
(-0.000453755,0.375576)
(-0.349954,0.394188)
(-0.706319,-0.175034)
(0.674403,-0.572401)
(0.0841949,-0.0820468)
(0.272186,0.402954)
(-0.327772,0.246354)
(-0.229805,-0.0885175)
(0.00971341,-0.278527)
(0.318335,-0.0695122)
(-0.106399,0.247751)
(0.0365704,0.0254344)
(-0.216377,-0.220881)
(0.284456,-0.00147691)
(-0.204251,0.181888)
(0.28647,0.155508)
(-0.347524,-0.0763229)
(-0.063343,-0.345348)
(0.153989,-0.0800221)
(0.26553,0.308036)
(-0.0677471,0.174759)
(-0.182138,-0.03125)
(-0.0898687,-0.111353)
(0.0149499,-0.174526)
(-0.0884293,-0.0555344)
(0.191434,0.0320835)
(0.542309,0.132567)
(-0.32765,0.339946)
(-0.638821,0.027892)
(-0.00189501,-0.520311)
(0.263834,-0.350953)
(0.742539,0.253931)
(-0.166994,0.574942)
(-0.537305,0.249534)
(-0.391612,-0.494052)
(0.32216,-0.543303)
(0.403531,0.167384)
(0.000209712,0.431313)
(-0.0893541,0.134929)
(-0.0920485,-0.149313)
(-0.255649,-0.204784)
(0.207728,0.0496305)
(-0.171444,0.0986269)
(0.281858,-0.187357)
(0.0168051,-0.047278)
(0.283686,0.29571)
(-0.476737,0.175689)
(-0.284854,-0.14703)
(-0.0864677,-0.354589)
(0.933215,-0.160346)
(-0.16642,0.357694)
(-0.274315,0.328223)
(-0.24547,-0.141201)
(0.000376729,-0.219631)
(0.183902,-0.0874925)
(0.131973,0.00864282)
(-0.0893165,0.101218)
(0.195866,0.0433266)
(-0.180918,0.0839207)
(-0.138303,0.108392)
(-0.319841,-0.226897)
(0.539336,-0.26946)
(0.23027,0.143603)
(-0.241711,0.26154)
(-0.243899,0.0807013)
(-0.0766589,-0.124747)
(0.255497,-0.199349)
(0.0397272,0.0379748)
(-0.0208629,0.0995973)
(-0.0823954,-0.0891586)
(0.0225611,0.0702483)
(-0.0143668,0.18852)
(0.147348,-0.0885669)
(-0.294574,-0.207134)
(0.0126145,-0.0737771)
(0.420868,0.139092)
(-0.260909,0.23373)
(-0.0525667,-0.083139)
(-0.0493145,-0.234183)
(0.171394,0.0901605)
(-0.0115675,0.13159)
(-0.171115,-0.0890735)
(-0.0267967,-0.0968301)
(0.17405,-0.0128124)
(0.265593,0.164662)
(0.132583,-0.0625)
(-0.462853,-0.417792)
(0.477241,-0.174204)
(0.0646954,0.20402)
(-0.0665912,0.247335)
(-0.199841,-0.117853)
(0.219521,-0.126932)
(-0.123868,0.220484)
(-0.00497434,0.0146707)
(-0.226358,-0.339839)
(0.433243,-0.113926)
(-0.143229,0.271443)
(0.304857,0.366099)
(-0.552658,-0.00935111)
(-0.0462502,-0.486975)
(0.0957042,-0.249836)
(0.454943,0.28825)
(-0.0846956,0.317492)
(-0.19718,0.0900624)
(-0.233942,-0.191358)
(0.185354,-0.322602)
(-0.0272954,0.0186464)
(0.0830089,0.254769)
(0.233635,0.0798056)
(-0.265644,-0.0501648)
(-0.14063,-0.109051)
(0.23744,-0.0350628)
(-0.185477,0.132972)
(0.119712,-0.0420278)
(-0.101702,-0.160118)
(0.235687,0.102856)
(-0.0469621,0.138452)
(-0.0636315,-0.0227862)
(-0.20274,-0.0545387)
(-0.0637096,-0.0873301)
(0.292258,-0.00862098)
(0.155543,0.039568)
(-0.184307,-0.0521765)
(0.101014,0.143652)
(-0.319985,0.231149)
(-0.0108923,-0.209605)
(-0.0799513,-0.388928)
(0.661285,-0.0196834)
(-0.000453755,0.375576)
(-0.349954,0.394188)
(-0.706319,-0.175034)
(0.674403,-0.572401)
(0.0841949,-0.0820468)
(0.272186,0.402954)
(-0.327772,0.246354)
(-0.229805,-0.0885175)
(0.00971341,-0.278527)
(0.318335,-0.0695122)
(-0.106399,0.247751)
(0.0365704,0.0254344)
(-0.216377,-0.220881)
(0.284456,-0.00147691)
(-0.204251,0.181888)
(0.28647,0.155508)
(-0.347524,-0.0763229)
(-0.063343,-0.345348)
(0.153989,-0.0800221)
(0.26553,0.308036)
(-0.0677471,0.174759)
(-0.182138,-0.03125)
(-0.0898687,-0.111353)
(0.0149499,-0.174526)
(-0.0884293,-0.0555344)
(0.191434,0.0320835)
(0.542309,0.132567)
(-0.32765,0.339946)
(-0.638821,0.027892)
(-0.00189501,-0.520311)
(0.263834,-0.350953)
(0.742539,0.253931)
(-0.166994,0.574942)
(-0.537305,0.249534)
(-0.391612,-0.494052)
(0.32216,-0.543303)
(0.403531,0.167384)
(0.000209712,0.431313)
(-0.0893541,0.134929)
(-0.0920485,-0.149313)
(-0.255649,-0.204784)
(0.207728,0.0496305)
(-0.171444,0.0986269)
(0.281858,-0.187357)
(0.0168051,-0.047278)
(0.283686,0.29571)
(-0.476737,0.175689)
(-0.284854,-0.14703)
(-0.0864677,-0.354589)
(0.933215,-0.160346)
(-0.16642,0.357694)
(-0.274315,0.328223)
(-0.24547,-0.141201)
(0.000376729,-0.219631)
(0.183902,-0.0874925)
(0.131973,0.00864282)
(-0.0893165,0.101218)
(0.195866,0.0433266)
(-0.180918,0.0839207)
(-0.138303,0.108392)
(-0.319841,-0.226897)
(0.539336,-0.26946)
(0.23027,0.143603)
(-0.241711,0.26154)
(-0.243899,0.0807013)
(-0.0766589,-0.124747)
(0.255497,-0.199349)
(0.0397272,0.0379748)
(-0.0208629,0.0995973)
(-0.0823954,-0.0891586)
(0.0225611,0.0702483)
(-0.0143668,0.18852)
(0.147348,-0.0885669)
(-0.294574,-0.207134)
(0.0126145,-0.0737771)
(0.420868,0.139092)
(-0.260909,0.23373)
(-0.0525667,-0.083139)
(-0.0493145,-0.234183)
(0.171394,0.0901605)
(-0.0115675,0.13159)
(-0.171115,-0.0890735)
(-0.0267967,-0.0968301)
(0.17405,-0.0128124)
(0.265593,0.164662)
(-0.143306,0.1875)
(-0.609986,-0.167032)
(0.215975,-0.283946)
(0.246752,-0.0447436)
(0.495794,0.173952)
(-0.308882,0.360696)
(-0.349939,0.114401)
(-0.432141,-0.474598)
(0.391391,-0.409542)
(0.526896,0.210463)
(0.413759,0.528643)
(-0.902117,0.255305)
(-0.539582,-0.404021)
(0.501935,-0.543208)
(0.445629,0.118537)
(0.145052,0.4391)
(-0.331017,0.14871)
(-0.309981,-0.0860483)
(0.0760612,-0.227231)
(0.0344334,-0.187383)
(0.213929,0.0653629)
(0.0988245,0.189465)
(0.0798822,0.21915)
(-0.367897,0.0032654)
(-0.423287,-0.411051)
(0.550468,-0.192687)
(0.29822,0.368376)
(-0.05811,0.268966)
(-0.50561,-0.150988)
(0.0853224,-0.260376)
(0.165956,-0.0323726)
(0.0325375,0.234847)
(-0.127177,0.0276738)
(0.32091,-0.220211)
(-0.141525,0.112595)
(-0.319322,0.222058)
(0.0942216,-0.193546)
(0.0137888,-0.258125)
(0.427158,0.090935)
(-0.0791075,0.327763)
(-0.42098,0.120421)
(-0.0837534,-0.368843)
(0.247638,-0.258759)
(0.232476,0.301692)
(-0.14336,0.23247)
(-0.0606334,-0.13558)
(0.0325774,-0.117454)
(-0.266715,-0.00454342)
(0.221012,0.045571)
(0.00318674,-0.00327154)
(0.248535,-0.0570733)
(-0.179475,0.139197)
(-0.176136,0.0902592)
(-0.140383,-0.256508)
(0.256078,-0.0936394)
(0.212373,0.244281)
(0.0125252,0.0984074)
(-0.461024,-0.144403)
(-0.055185,-0.161168)
(0.608025,0.0809252)
(-0.269545,0.267402)
(-0.180311,-0.0946682)
(0.000600375,-0.333264)
(0.282408,0.0952619)
(0.0495558,0.303998)
(-0.336069,0.00957363)
(-0.148005,-0.216148)
(0.307788,-0.177358)
(0.283081,0.142845)
(-0.121554,0.266754)
(-0.610886,-0.100754)
(0.353339,-0.203275)
(0.154152,0.0459805)
(0.165062,0.0650398)
(-0.302439,0.0397415)
(-0.0217138,0.0169716)
(-0.0554381,-0.0980783)
(0.118134,-0.0120621)
(0.0992159,0.0573389)
(0.177413,0.00197445)
(-0.376641,0.0694023)
(-0.245705,-0.04729)
(0.477399,-0.185261)
(0.040778,0.0924186)
(-0.0198399,0.21617)
(-0.252451,-0.0357219)
(-0.136264,-0.187666)
(0.334685,-0.131244)
(0.109012,0.171417)
(-0.176296,0.301402)
(-0.252458,-0.172136)
(0.20675,-0.37394)
(0.307637,0.108361)
(-0.310654,0.356228)
(-0.0825776,0.0779598)
(-0.118743,-0.315608)
(0.344207,-0.318297)
(0.191836,0.261079)
(-0.227272,0.457943)
(-0.371732,-0.132686)
(-0.0170728,-0.404876)
(0.495273,-0.0773781)
(0.2155,0.220449)
(-0.384186,0.24719)
(-0.436477,-0.0545874)
(0.526517,-0.230128)
(-0.128101,0.00592436)
(0.0838802,0.0379121)
(-0.0412162,-0.0565254)
(0.0714971,0.135501)
(-0.0641719,0.125714)
(-0.176806,-0.112004)
(-0.0536561,-0.156616)
(0.346633,-0.0688792)
(0.0835423,0.145976)
(-0.122411,0.191805)
(-0.508943,-0.121207)
(0.473355,-0.117111)
(0.0305263,0.116584)
(-0.0625705,-0.0493092)
(-0.186804,-0.158668)
(0.254561,0.0728626)
(0.0615664,0.237299)
(-0.255908,0.136398)
(-0.186546,-0.281648)
(0.31648,-0.409564)
(0.181624,0.202863)
(-0.178991,0.495816)
(0.0183058,0)
(-0.329398,-0.330597)
(0.198879,-0.189189)
(0.224174,0.100213)
(-0.14896,0.198761)
(0.0527926,-0.0433827)
(-0.00285118,-0.0286241)
(-0.0610998,0.210886)
(-0.215564,-0.103988)
(0.0593457,-0.42505)
(0.395462,-0.0313506)
(-0.00121225,0.455443)
(-0.0834221,0.403309)
(-0.499359,-0.224453)
(-0.0382757,-0.692393)
(0.542047,-0.134568)
(0.256843,0.594663)
(-0.20909,0.388269)
(-0.51807,-0.156667)
(0.106653,-0.379321)
(0.192741,-0.235545)
(0.113754,0.143761)
(-0.133404,0.234839)
(0.470215,0.107791)
(-0.498935,0.11177)
(-0.25115,-0.146659)
(0.0104686,-0.415502)
(0.409588,-0.078799)
(0.339524,0.352889)
(-0.212432,0.377158)
(-0.550689,0.0101302)
(0.00274049,-0.472576)
(0.27702,-0.315602)
(0.354677,0.272166)
(-0.353567,0.305724)
(0.163897,0.0245273)
(-0.111393,-0.0765247)
(-0.095126,-0.119276)
(-0.137153,-0.0607543)
(0.0722537,-0.0638557)
(0.347094,-0.0725271)
(0.154384,0.27889)
(-0.194099,0.349075)
(-0.510062,-0.214519)
(-0.155275,-0.493351)
(0.431801,-0.156998)
(0.850162,0.364972)
(-0.517186,0.529016)
(-0.659748,-0.067353)
(-0.0169669,-0.576906)
(0.364037,-0.189203)
(0.4324,0.293816)
(-0.205885,0.284191)
(-0.303823,0.0259674)
(0.0226091,-0.24575)
(0.121998,-0.121524)
(0.0249522,0.163464)
(-0.251911,0.0237584)
(0.318575,-0.0903703)
(0.108378,0.0447877)
(-0.216685,0.0305229)
(-0.086139,0.0262742)
(-0.0862735,0.0164458)
(0.214377,-0.111835)
(-0.0419733,-0.03125)
(0.157564,0.0446558)
(-0.0925832,-0.00558367)
(-0.0759512,0.140043)
(-0.255145,0.0874676)
(0.374841,-0.227783)
(-0.175673,-0.180454)
(0.172043,0.0858234)
(0.112124,0.241017)
(-0.31415,0.169902)
(-0.124355,-0.235501)
(0.147983,-0.31021)
(0.236093,0.156965)
(0.0591166,0.256667)
(-0.322841,-0.0355183)
(-0.0521589,-0.147114)
(0.0231752,-0.0734814)
(0.401744,0.136483)
(-0.15224,0.127074)
(-0.357991,-0.199232)
(0.165722,-0.126231)
(0.134183,0.182899)
(0.128209,0.102802)
(-0.252673,-0.0311958)
(0.0517144,-0.0732847)
(-0.0883922,-0.118821)
(0.0429657,0.0202782)
(0.0158451,0.0915216)
(0.46857,0.064541)
(-0.475188,0.116796)
(-0.313597,-0.127241)
(0.247655,-0.329478)
(0.3014,0.0731847)
(0.154661,0.37934)
(-0.393646,0.131626)
(-0.338268,-0.257909)
(0.322354,-0.384364)
(0.330289,0.0685227)
(0.00727141,0.498797)
(-0.525478,0.108485)
(0.089071,-0.361741)
(0.204217,-0.246442)
(0.0327799,0.0457954)
(0.113786,0.295614)
(-0.211736,0.236771)
(-0.0706329,-0.170545)
(-0.135581,-0.299836)
(0.298503,-0.126072)
(0.176587,0.119042)
(-0.0636529,0.407514)
(-0.3973,0.169936)
(0.0913785,-0.423212)
(-0.040565,-0.384373)
(0.281929,0.117353)
(0.320345,0.412747)
(-0.493032,0.271672)
(-0.205446,-0.262406)
(0.0346651,-0.425192)
(0.347366,0.0336745)
(0.166476,0.258753)
(-0.198291,0.146179)
(-0.262079,0.0141682)
(-0.0587223,-0.195908)
(0.340256,-0.137929)
(0.169194,0.125)
(-0.425054,0.0863958)
(0.081799,-0.0155753)
(-0.0436791,-0.0402744)
(0.364165,-0.0538301)
(-0.207943,0.125295)
(-0.0707071,0.0766641)
(-0.260486,-0.249785)
(0.288671,-0.10711)
(0.14727,0.235774)
(0.254648,0.179479)
(-0.652265,-0.0600679)
(-0.109108,-0.253661)
(0.469937,-0.109014)
(0.0735453,0.257566)
(-0.142215,0.121574)
(-0.100439,-0.17807)
(-0.000756717,-0.0279633)
(0.190739,0.0840413)
(-0.235528,0.000114992)
(-0.00481915,-0.0453857)
(0.0252485,-0.0988857)
(0.38975,0.0483329)
(-0.119889,0.189605)
(-0.439504,-0.0210882)
(0.0622823,-0.113888)
(0.121081,-0.055664)
(0.243073,-0.102553)
(0.0290108,0.0982629)
(-0.0906758,0.268529)
(-0.298824,-0.00986342)
(-0.171725,-0.245198)
(0.340566,-0.189285)
(0.501892,0.090281)
(-0.302943,0.357009)
(-0.60601,0.0385494)
(0.336987,-0.370265)
(0.0907562,-0.0803417)
(0.306935,0.24946)
(-0.350375,0.114425)
(-0.135892,-0.117619)
(0.115315,-0.212143)
(0.252814,0.0488324)
(-0.148074,0.308746)
(-0.139931,0.00221591)
(-0.0223546,-0.271185)
(0.261463,-0.104559)
(-0.264899,0.0736963)
(0.343327,0.222381)
(-0.301734,0.149253)
(0.0695775,-0.234111)
(-0.181617,-0.244567)
(0.373849,0.087417)
(-0.135739,0.202459)
(-0.0700659,0.109718)
(-0.162741,-0.145863)
(0.470263,-0.195902)
(-0.272222,0.174084)
(-0.256597,0.146287)
(0.162843,-0.256167)
(0.214044,-0.111203)
(0.162478,0.285074)
(-0.238688,0.240515)
(-0.533599,-0.199548)
(0.351332,-0.491498)
(0.396194,0.0248969)
(0.150808,0.648323)
(-0.626323,0.17892)
(-0.100628,-0.540034)
(0.259767,-0.356793)
(0.191273,0.21859)
(0.0927321,0.441165)
(-0.266797,0.0892834)
(-0.138999,-0.357076)
(0.0954358,-0.189631)
(0.0658978,0.107446)
(0.144908,0.068705)
(-0.0823193,0.155446)
(0.0211965,0.138645)
(-0.193545,-0.215503)
(-0.0735205,-0.280788)
(0.0415151,0.00489882)
(0.699517,0.28218)
(-0.553423,0.285439)
(-0.152235,-0.157443)
(-0.127897,-0.363806)
(0.336634,-0.00633286)
(0.0672136,0.133503)
(0.079404,0.0802461)
(-0.20869,0.191468)
(-0.0271066,0.0324792)
(-0.261114,-0.293617)
(0.310462,-0.297604)
(-0.0087474,0.067502)
(0.530033,0.531759)
(-0.650439,0.293456)
(-0.219207,-0.535256)
(0.0496665,-0.514702)
(0.681027,0.277921)
(-0.185871,0.502713)
(-0.325441,0.0581012)
(-0.171539,-0.37267)
(0.515631,-0.244575)
(-0.174102,0.261011)
(-0.221259,0.215118)
(0.187898,-0.180388)
(0.028596,-0.0935127)
(-0.0148288,0.0756945)
(0.0500218,0.0272328)
(-0.219695,0.039111)
(0.188625,-0.0325751)
(-0.167453,-0.0741132)
(0.136241,0.0231795)
(0.0233229,-0.00319051)
(0.1622,0.0463065)
(-0.25274,0.0924603)
(-0.254662,-0.123598)
(0.328166,-0.071899)
(0.196467,0.152301)
(-0.262489,-0.0330264)
(-0.0367211,-0.163832)
(0.0678271,0.0532875)
(0.241588,0.222273)
(-0.427003,0.123948)
(0.0102794,-0.297026)
(0.179765,-0.394935)
(0.362835,0.262728)
(-0.424146,0.528379)
