(-1.11742,-0.1875)
(1.23983,-0.981309)
(0.637974,0.213405)
(-0.976795,0.319091)
(0.25291,1.21985)
(-0.603893,-0.944263)
(0.412296,-0.39436)
(0.530909,-0.0446072)
(-0.423405,0.42747)
(-0.0923879,-0.383327)
(-0.0348165,0.661138)
(0.302368,-0.123016)
(-0.0829599,-0.386431)
(-0.552734,0.312852)
(0.402187,-0.841011)
(0.787159,0.925302)
(-1.07685,-0.14904)
(0.20224,-0.0909434)
(-0.0697844,0.292143)
(0.571443,-0.555946)
(-0.291773,0.0252009)
(-0.253821,0.358402)
(0.0642502,-0.232842)
(0.0957771,0.306075)
(0.348316,-0.533171)
(-0.538737,0.983863)
(0.73361,-0.828707)
(-1.32329,-0.528435)
(0.556527,0.996924)
(0.878218,-0.245621)
(-0.0194674,0.276103)
(-1.17179,-0.396775)
(0.166575,-0.0740454)
(0.177048,0.0314956)
(0.754006,-0.216034)
(-0.404645,0.884417)
(0.228737,-0.753377)
(-1.15169,0.522618)
(0.59352,-0.715114)
(0.621439,0.507865)
(-0.170725,-0.254684)
(-0.186774,-0.00654623)
(-0.830745,0.33686)
(1.11311,0.13777)
(0.0178956,-0.526559)
(-0.463871,0.295368)
(-0.244812,-0.663462)
(0.208814,0.495163)
(0.435612,0.520634)
(-0.054142,-0.167604)
(-0.263745,-0.0447552)
(-0.552092,-0.906532)
(0.75684,-0.0309165)
(-0.0305776,1.15559)
(0.0406589,0.188209)
(-0.71975,-0.114846)
(0.956992,-1.60999)
(-0.543787,0.961126)
(0.00238443,0.243626)
(0.161775,-0.30248)
(-0.0360727,0.724575)
(-0.464799,-0.0205026)
(1.14625,-1.00288)
(-0.775384,-0.390802)
(-0.0928301,0.861136)
(-0.180166,0.644768)
(0.435062,-0.0654405)
(0.173848,-0.670778)
(-0.132329,-0.609721)
(-0.330908,-0.0492872)
(0.245098,1.85752)
(-0.0434766,-0.97873)
(-0.452623,-0.155057)
(0.696775,-0.431132)
(0.306708,0.667824)
(-0.754621,-0.344266)
(-0.191926,0.180434)
(0.32296,-0.0873677)
(0.407706,0.330254)
(-0.462775,-0.217396)
(0.299339,-0.515775)
(-0.420181,0.534038)
(0.620848,-0.0871649)
(-0.799445,0.336439)
(0.237145,-0.749701)
(0.635939,0.686039)
(-0.0870263,-0.27624)
(-1.02774,-0.193473)
(0.599724,0.0715707)
(0.276811,0.600083)
(0.0501771,-0.654648)
(-0.357102,-0.092177)
(-0.041257,0.264441)
(-0.0160749,0.442107)
(0.283457,-0.432809)
(-0.235382,-0.488267)
(0.518374,0.711748)
(-0.375954,-0.411761)
(-0.591212,0.386328)
(0.572233,0.169039)
(0.233222,-0.748986)
(-0.331194,0.143428)
(0.380888,0.439814)
(-0.352538,-0.0561027)
(-0.198415,-0.566815)
(0.0744806,1.09642)
(0.186741,-1.17033)
(0.236227,0.709052)
(0.044816,-0.254189)
(-0.361663,-0.289208)
(-0.203375,0.202817)
(-0.20399,0.979126)
(0.717306,-0.997841)
(0.640863,-0.384347)
(-1.57048,0.420687)
(0.652457,0.518814)
(0.261538,-0.601631)
(-0.383564,0.320313)
(0.0725482,-0.140077)
(0.102993,-0.0359983)
(0.0924686,0.462331)
(-0.00349961,-1.18253)
(0.00247202,0.5103)
(-0.224993,1.12342)
(-0.22894,-0.722516)
(0.167458,-0.445692)
(0.688609,0.280521)
(-0.277935,-0.800972)
(-1.11742,-0.1875)
(1.23983,-0.981309)
(0.637974,0.213405)
(-0.976795,0.319091)
(0.25291,1.21985)
(-0.603893,-0.944263)
(0.412296,-0.39436)
(0.530909,-0.0446072)
(-0.423405,0.42747)
(-0.0923879,-0.383327)
(-0.0348165,0.661138)
(0.302368,-0.123016)
(-0.0829599,-0.386431)
(-0.552734,0.312852)
(0.402187,-0.841011)
(0.787159,0.925302)
(-1.07685,-0.14904)
(0.20224,-0.0909434)
(-0.0697844,0.292143)
(0.571443,-0.555946)
(-0.291773,0.0252009)
(-0.253821,0.358402)
(0.0642502,-0.232842)
(0.0957771,0.306075)
(0.348316,-0.533171)
(-0.538737,0.983863)
(0.73361,-0.828707)
(-1.32329,-0.528435)
(0.556527,0.996924)
(0.878218,-0.245621)
(-0.0194674,0.276103)
(-1.17179,-0.396775)
(0.166575,-0.0740454)
(0.177048,0.0314956)
(0.754006,-0.216034)
(-0.404645,0.884417)
(0.228737,-0.753377)
(-1.15169,0.522618)
(0.59352,-0.715114)
(0.621439,0.507865)
(-0.170725,-0.254684)
(-0.186774,-0.00654623)
(-0.830745,0.33686)
(1.11311,0.13777)
(0.0178956,-0.526559)
(-0.463871,0.295368)
(-0.244812,-0.663462)
(0.208814,0.495163)
(0.435612,0.520634)
(-0.054142,-0.167604)
(-0.263745,-0.0447552)
(-0.552092,-0.906532)
(0.75684,-0.0309165)
(-0.0305776,1.15559)
(0.0406589,0.188209)
(-0.71975,-0.114846)
(0.956992,-1.60999)
(-0.543787,0.961126)
(0.00238443,0.243626)
(0.161775,-0.30248)
(-0.0360727,0.724575)
(-0.464799,-0.0205026)
(1.14625,-1.00288)
(-0.775384,-0.390802)
(-0.0928301,0.861136)
(-0.180166,0.644768)
(0.435062,-0.0654405)
(0.173848,-0.670778)
(-0.132329,-0.609721)
(-0.330908,-0.0492872)
(0.245098,1.85752)
(-0.0434766,-0.97873)
(-0.452623,-0.155057)
(0.696775,-0.431132)
(0.306708,0.667824)
(-0.754621,-0.344266)
(-0.191926,0.180434)
(0.32296,-0.0873677)
(0.407706,0.330254)
(-0.462775,-0.217396)
(0.299339,-0.515775)
(-0.420181,0.534038)
(0.620848,-0.0871649)
(-0.799445,0.336439)
(0.237145,-0.749701)
(0.635939,0.686039)
(-0.0870263,-0.27624)
(-1.02774,-0.193473)
(0.599724,0.0715707)
(0.276811,0.600083)
(0.0501771,-0.654648)
(-0.357102,-0.092177)
(-0.041257,0.264441)
(-0.0160749,0.442107)
(0.283457,-0.432809)
(-0.235382,-0.488267)
(0.518374,0.711748)
(-0.375954,-0.411761)
(-0.591212,0.386328)
(0.572233,0.169039)
(0.233222,-0.748986)
(-0.331194,0.143428)
(0.380888,0.439814)
(-0.352538,-0.0561027)
(-0.198415,-0.566815)
(0.0744806,1.09642)
(0.186741,-1.17033)
(0.236227,0.709052)
(0.044816,-0.254189)
(-0.361663,-0.289208)
(-0.203375,0.202817)
(-0.20399,0.979126)
(0.717306,-0.997841)
(0.640863,-0.384347)
(-1.57048,0.420687)
(0.652457,0.518814)
(0.261538,-0.601631)
(-0.383564,0.320313)
(0.0725482,-0.140077)
(0.102993,-0.0359983)
(0.0924686,0.462331)
(-0.00349961,-1.18253)
(0.00247202,0.5103)
(-0.224993,1.12342)
(-0.22894,-0.722516)
(0.167458,-0.445692)
(0.688609,0.280521)
(-0.277935,-0.800972)
(-0.393306,1.375)
(0.121303,0.142244)
(-0.322252,-0.972942)
(0.0971024,-0.264181)
(0.872418,0.77774)
(-0.451954,-0.201684)
(-0.186169,-0.127251)
(-0.0859936,0.188081)
(-0.219909,0.0841388)
(0.335503,-0.559605)
(-0.0387515,0.762164)
(0.344287,-0.513506)
(0.122405,-0.0627766)
(-0.642622,0.0992244)
(-0.0242249,0.363838)
(-0.314347,-0.119909)
(0.412686,-0.412827)
(1.24306,0.5599)
(-0.806476,-0.712201)
(-0.828709,0.475966)
(-0.0966851,-0.0158859)
(0.744174,-0.243203)
(-0.0491947,0.82578)
(0.387465,-0.322766)
(-0.32106,-1.27049)
(-0.024195,0.573648)
(-0.790287,0.647344)
(0.624436,0.817247)
(-0.0529475,-0.917742)
(0.712417,-1.14845)
(-0.486719,0.545833)
(0.163819,0.595332)
(-1.2069,0.836748)
(0.808606,-1.08278)
(0.559035,-0.312623)
(-0.119275,0.300639)
(-0.597351,0.0742981)
(0.263112,0.0884579)
(0.265489,-0.228312)
(-0.533139,1.02006)
(-0.0445623,-1.11471)
(0.661778,-0.356338)
(-0.194759,0.540791)
(-0.258101,0.390798)
(0.593608,0.34464)
(-0.966297,-0.843452)
(-0.109744,-0.58732)
(1.30005,0.67091)
(-0.618035,0.974557)
(-0.209198,-0.786431)
(0.394946,-0.442164)
(-0.739699,0.0171828)
(0.671402,0.393758)
(-0.65467,0.39169)
(1.02839,-0.457472)
(-0.32026,-0.129301)
(-0.833843,0.228095)
(0.868709,-0.197088)
(-0.47631,-0.387612)
(0.124207,1.17371)
(0.190627,-0.335276)
(0.0920144,-0.8313)
(-0.252239,0.390135)
(-0.31303,-0.0971425)
(0.452665,0.611136)
(-0.0810896,-0.271707)
(0.382417,-0.216569)
(-0.863647,-0.239824)
(0.485502,0.547963)
(-0.355568,-0.341977)
(1.37601,0.0866251)
(-1.74101,0.411333)
(0.628577,-0.500284)
(-0.0220698,-0.529411)
(0.372642,1.1772)
(-0.247961,-0.166674)
(-0.263678,-0.87569)
(0.25917,0.262739)
(0.42245,1.02255)
(-0.952644,-1.30284)
(0.131119,0.425914)
(0.944372,0.304412)
(-0.490016,0.262882)
(-0.0561885,-1.02232)
(-0.464868,0.437262)
(0.446564,0.255793)
(0.447308,0.0719957)
(-1.0241,-0.175247)
(0.720788,-0.187345)
(0.259962,0.308621)
(-0.506515,-0.555928)
(-0.276364,0.700206)
(0.309841,-0.423745)
(0.361666,0.379344)
(-0.808412,-0.306063)
(1.21892,0.017657)
(-0.609933,-0.199045)
(-0.501308,0.409779)
(-0.190759,-0.342762)
(0.79225,0.32344)
(0.426838,0.229347)
(-0.509336,-0.652903)
(-0.370209,-0.2662)
(-0.311189,1.04887)
(0.516436,-0.578574)
(0.682241,-0.0851557)
(-0.672669,0.461462)
(-0.0218238,-0.396438)
(-0.31825,-0.0230416)
(0.464278,0.0630131)
(0.279231,-0.162267)
(-0.820179,0.521386)
(0.633736,-0.260154)
(0.01011,-0.136576)
(-0.442597,0.343947)
(-0.0764265,-0.683194)
(1.29133,0.126443)
(-1.67241,0.752439)
(0.394972,-0.390112)
(0.873712,0.191058)
(-0.535882,-0.504988)
(-0.271602,-0.417333)
(0.166682,1.35081)
(0.397945,-0.676107)
(-0.478091,-0.437329)
(-0.0898079,0.667803)
(0.242539,0.417469)
(0.50761,-1.33448)
(-0.669194,0.3125)
(0.173859,0.518999)
(-0.804735,0.292084)
(1.86562,-0.4109)
(-1.66021,-0.031162)
(0.754079,-0.32339)
(0.0902116,0.0539045)
(-0.543199,0.711816)
(0.0800839,-0.642298)
(0.481144,0.181009)
(-0.353011,0.717639)
(0.400136,-1.30576)
(-0.630367,0.277875)
(-0.0185055,0.375074)
(0.810083,0.247767)
(-0.182205,0.106149)
(-0.899285,-0.879057)
(0.4462,0.4808)
(0.452623,0.00079561)
(-0.02275,-0.0977293)
(-0.177519,0.344278)
(-0.842881,-0.840216)
(1.30803,1.40667)
(-0.928824,-0.876652)
(0.327712,-0.234543)
(0.56911,-0.103015)
(-0.44538,0.302234)
(-0.568192,0.853281)
(0.303222,-0.728029)
(0.246853,-0.0499501)
(0.0514708,-0.6179)
(0.406271,0.455544)
(-0.709469,0.610657)
(-0.0773858,-0.00717282)
(-0.256132,-0.498211)
(0.725974,-0.232296)
(0.614141,-0.0186973)
(-1.20814,0.289836)
(0.338175,0.805594)
(0.0224194,-1.0878)
(-0.443386,0.155149)
(0.575308,0.206747)
(0.561706,0.181185)
(-0.545863,-0.742032)
(-0.889828,0.615663)
(0.935551,0.206103)
(-0.292956,0.121397)
(0.496671,-0.940483)
(-0.454859,0.124473)
(0.180829,0.326311)
(-0.296491,0.719475)
(0.000305558,-0.441958)
(0.526028,-0.503275)
(-0.18475,-0.0772346)
(-0.753442,0.110353)
(1.00715,0.787969)
(-0.244036,-0.532112)
(-0.125355,0.322994)
(-0.376815,-0.446245)
(0.150807,-0.760298)
(0.535518,1.09914)
(-0.0136703,0.584628)
(-0.528818,-0.978477)
(-0.246069,-0.0123408)
(0.931218,-0.111136)
(-0.609401,0.55347)
(-0.182564,-0.231028)
(0.605998,-0.136716)
(0.184462,0.122924)
(-1.03353,0.440166)
(0.354469,-0.755556)
(0.307625,-0.177093)
(-0.0107325,0.962896)
(0.492654,-0.435216)
(-1.08011,-0.0794313)
(0.099057,-0.107904)
(0.487057,0.092584)
(0.448829,0.562303)
(-0.582409,-0.996502)
(-0.403022,0.266356)
(0.610474,0.399582)
(-0.255885,0.380075)
(0.280318,-0.876255)
(-0.326487,0.222813)
(0.451341,-0.404171)
(-0.743709,1.02806)
(0.259798,-0.337373)
(0.843247,-0.302955)
(-1.0756,-0.233078)
(0.331391,0.590004)
(0.052952,-0.362657)
(0.599087,0.23637)
(-1.30642,-0.165783)
(0.632084,-0.0129534)
(0.438335,0.251105)
(0.138972,-0.311053)
(-0.768374,-0.24836)
(-0.648027,0.83653)
(1.66286,-0.221593)
(-0.683223,-0.874836)
(0.10825,0.668202)
(-0.208419,0.0272215)
(-0.460903,0.468402)
(0.579745,-0.681478)
(0.354874,-0.466416)
(-0.329902,0.368406)
(-0.64636,1.26981)
(0.763845,-0.969551)
(0.0731331,-0.876026)
(-0.485428,0.925995)
(0.0305807,-0.105781)
(-0.0106562,0.472808)
(0.815918,-0.464915)
(-0.83224,-0.345368)
(0.202545,-0.195453)
(-0.470874,1.25207)
(0.629575,-0.488821)
(0.0942169,-0.75982)
(-0.01633,0.861519)
(-0.600252,-0.879707)
(0.273354,0.650503)
(-0.209891,0.540994)
(0.907095,-0.915252)
(-0.668582,0.174379)
(0.16848,-0.360385)
(-0.619131,0.935662)
(0.0945891,-0.405873)
(1.38232,-0.320486)
(-0.893306,0.5)
(-0.326545,-0.336359)
(-0.216157,-0.362849)
(0.118377,0.97934)
(1.34127,-0.531452)
(-1.02607,-0.293176)
(-0.0731574,0.203179)
(-0.464865,0.273522)
(0.911516,0.272456)
(-0.498664,-0.817781)
(0.276859,-0.274894)
(0.108946,1.07633)
(-0.268822,-0.116844)
(0.13539,-0.456982)
(-0.647571,0.32314)
(0.480997,-0.52351)
(0.399233,-0.192959)
(0.0547847,1.09177)
(-0.427954,-0.615247)
(-0.215578,0.887626)
(0.00922265,-1.68274)
(0.121666,0.243153)
(0.322234,1.09965)
(0.229999,-0.101872)
(-0.405745,-0.417571)
(-0.0343988,-0.277793)
(-0.32985,0.39237)
(-0.316293,-0.376946)
(1.18754,0.535741)
(-0.0317885,-0.15524)
(-0.132232,-0.277694)
(-0.67359,0.307707)
(-0.573431,-0.12336)
(0.984495,-0.242395)
(-0.0162654,0.567516)
(0.870015,-0.58995)
(-1.07178,0.200121)
(-0.166585,0.266056)
(-0.177289,-0.0756207)
(0.236626,-0.00045563)
(0.492676,-1.25416)
(0.274032,2.03751)
(-0.328073,-0.452257)
(-0.473022,-1.12211)
(-0.097482,0.450743)
(-0.0953865,0.194663)
(0.659148,0.654108)
(0.381616,-0.605722)
(-0.173378,-0.42512)
(-0.729318,-0.117839)
(-0.414139,0.963181)
(0.854189,-0.100785)
(-0.14275,-0.478243)
(0.431975,0.133557)
(-0.076797,-0.333508)
(-0.359256,0.0760512)
(-0.610083,0.812697)
(0.225916,-0.54478)
(1.12916,-0.113586)
(-0.864677,-0.043179)
(0.581127,0.285653)
(-0.654756,-0.395323)
(-0.167563,0.245201)
(0.413358,0.298698)
(0.135723,-0.361136)
(-0.218949,-0.0883816)
(0.200372,0.487591)
(-0.0861626,-0.556779)
(0.00582488,-0.202948)
(-0.606891,0.562795)
(0.832903,0.509493)
(-0.34872,-0.8163)
(0.486492,0.0255525)
(-0.948785,-0.331174)
(0.713252,0.872285)
(-0.196486,-0.333389)
(0.0419279,-0.424645)
(-0.0448013,0.912117)
(0.0247349,-0.350739)
(-0.539712,-0.71956)
(0.976835,-0.175838)
(0.12799,1.45125)
(-1.23166,-0.374969)
(0.528936,-0.526936)
(0.271741,-0.359526)
(-0.51125,0.876208)
(0.840835,-0.628558)
(-0.171321,0.135397)
(-0.487034,0.743969)
(-0.485384,-1.05741)
(0.97739,0.493226)
(-0.144354,-0.0143389)
(-0.657511,0.100403)
(1.37184,-0.480896)
(-0.981305,0.335179)
(-0.498057,0.0297787)
(0.536709,0.485657)
(0.0774288,-0.872086)
(0.427095,0.379203)
(-0.746953,-0.165099)
(0.708087,0.177214)
(-0.316007,-0.476506)
(-0.882693,1.47598)
(0.470805,-1.18862)
(1.20021,-0.394662)
(-0.857801,0.454987)
(0.320448,0.279771)
(-0.876419,0.0176551)
(-0.051744,-0.122844)
(0.756866,-0.425072)
(0.285743,0.409681)
(-0.0124919,0.460066)
(-0.502746,-0.971633)
(-0.947353,0.0572159)
(0.99753,0.630594)
(0.739109,-0.210122)
(-0.518355,0.866649)
(-0.465202,-1.33816)
(-0.292231,-0.277657)
(0.769109,0.50591)
(-0.0989704,0.55412)
(0.229973,0.489213)
(-0.24161,-0.798065)
(-1.33542,-0.491609)
(1.79679,-0.208971)
(-0.198252,0.669016)
(-0.199479,0.483256)
(-0.125132,-0.0202469)
